100_Cephalophus_natalensis.sqlite;10;3891;11;1183;12;337;13;176;14;80;15;49;16;24;17;7;18;7;19;0;20;2;21;1;22;0;23;2;24;0;25;0;26;0;27;0;28;0;29;0;30;0;31;0;32;0;33;0;34;0;35;0;36;0;37;0;38;0;39;0;40;0;41;0;42;0;43;0;44;0;45;0;46;0;47;0;48;0;49;0;50;1;
101_Cephalophus_nigrifrons.sqlite;10;3747;11;1155;12;348;13;204;14;91;15;38;16;18;17;5;18;6;19;5;20;0;21;1;22;0;23;1;24;0;25;0;26;0;27;0;28;0;29;0;30;0;31;0;32;0;33;0;34;0;35;0;36;0;37;0;38;0;39;0;40;0;41;0;42;0;43;0;44;0;45;0;46;0;47;0;48;0;49;1;
102_Cephalophus_ogilbyi.sqlite;10;3735;11;1161;12;347;13;185;14;104;15;49;16;16;17;9;18;5;19;2;20;1;21;2;22;0;23;1;
103_Cephalophus_rufilatus.sqlite;10;3735;11;1156;12;357;13;196;14;88;15;42;16;18;17;4;18;5;19;4;20;0;21;1;
104_Cephalophus_silvicultor.sqlite;10;3894;11;1142;12;371;13;149;14;109;15;32;16;17;17;6;18;7;19;4;20;1;21;0;22;1;23;0;24;0;25;0;26;0;27;0;28;0;29;0;30;0;31;0;32;0;33;0;34;0;35;0;36;0;37;0;38;0;39;0;40;0;41;0;42;0;43;0;44;0;45;0;46;0;47;0;48;0;49;0;50;0;51;0;52;0;53;0;54;0;55;0;56;1;57;0;58;0;59;0;60;0;61;0;62;0;63;0;64;0;65;0;66;0;67;0;68;0;69;0;70;0;71;0;72;1;
105_Cephalophus_spadix.sqlite;10;3889;11;1189;12;362;13;159;14;90;15;38;16;19;17;9;18;6;19;2;20;0;21;1;22;0;23;0;24;0;25;0;26;0;27;0;28;0;29;0;30;0;31;0;32;0;33;0;34;0;35;0;36;0;37;0;38;0;39;0;40;0;41;0;42;0;43;0;44;0;45;0;46;0;47;0;48;0;49;0;50;0;51;0;52;0;53;0;54;0;55;0;56;0;57;0;58;1;
106_Cephalorhynchus_heavisidii.sqlite;10;4110;11;1256;12;371;13;160;14;88;15;37;16;14;17;12;18;4;19;3;20;0;21;0;22;0;23;0;24;0;25;0;26;0;27;0;28;0;29;0;30;0;31;0;32;0;33;0;34;0;35;1;
107_Ceratotherium_simum.sqlite;10;4365;11;1340;12;411;13;211;14;71;15;53;16;20;17;8;18;2;19;2;20;0;21;2;22;0;23;0;24;1;25;0;26;1;27;0;28;0;29;0;30;0;31;0;32;0;33;0;34;0;35;0;36;1;37;0;38;0;39;0;40;0;41;0;42;0;43;0;44;0;45;0;46;1;47;0;48;0;49;0;50;0;51;0;52;0;53;0;54;0;55;0;56;1;57;0;58;0;59;0;60;0;61;0;62;0;63;0;64;0;65;0;66;1;67;0;68;0;69;0;70;0;71;0;72;0;73;0;74;0;75;0;76;1;77;0;78;0;79;0;80;0;81;0;82;0;83;0;84;0;85;0;86;1;87;0;88;0;89;0;90;0;91;0;92;0;93;0;94;0;95;0;96;1;97;0;98;0;99;0;100;0;101;0;102;0;103;0;104;0;105;0;106;1;107;0;108;0;109;0;110;0;111;0;112;0;113;0;114;0;115;0;116;1;117;0;118;0;119;0;120;0;121;0;122;0;123;0;124;0;125;0;126;1;127;0;128;0;129;0;130;0;131;0;132;0;133;0;134;0;135;0;136;1;137;0;138;0;139;0;140;0;141;0;142;0;143;0;144;0;145;0;146;1;147;0;148;0;149;0;150;0;151;0;152;0;153;0;154;0;155;0;156;1;157;0;158;0;159;0;160;0;161;0;162;0;163;0;164;0;165;0;166;1;167;0;168;0;169;0;170;0;171;0;172;0;173;0;174;0;175;0;176;1;177;0;178;0;179;0;180;0;181;0;182;0;183;0;184;0;185;0;186;1;187;0;188;0;189;0;190;0;191;0;192;0;193;0;194;0;195;0;196;1;197;0;198;0;199;0;200;0;201;0;202;0;203;0;204;0;205;0;206;1;207;0;208;0;209;0;210;0;211;0;212;0;213;0;214;0;215;0;216;1;217;0;218;0;219;0;220;0;221;0;222;0;223;0;224;0;225;0;226;1;227;0;228;0;229;0;230;0;231;0;232;0;233;0;234;0;235;0;236;1;237;0;238;0;239;0;240;0;241;0;242;0;243;0;244;0;245;0;246;1;247;0;248;0;249;0;250;0;251;0;252;0;253;0;254;0;255;0;256;1;257;0;258;0;259;0;260;0;261;0;262;0;263;0;264;0;265;0;266;1;267;0;268;0;269;0;270;0;271;0;272;0;273;0;274;0;275;0;276;1;277;0;278;0;279;0;280;0;281;0;282;0;283;0;284;0;285;0;286;1;287;0;288;0;289;0;290;0;291;0;292;0;293;0;294;0;295;0;296;1;297;0;298;0;299;0;300;0;301;0;302;0;303;0;304;0;305;0;306;1;307;0;308;0;309;0;310;0;311;0;312;0;313;0;314;0;315;0;316;1;317;0;318;0;319;0;320;0;321;0;322;0;323;0;324;0;325;0;326;1;327;0;328;0;329;0;330;0;331;0;332;0;333;0;334;0;335;0;336;1;337;0;338;0;339;0;340;0;341;0;342;0;343;0;344;0;345;0;346;1;
108_Cercocebus_atys.sqlite;10;4339;11;1317;12;431;13;193;14;114;15;50;16;23;17;14;18;5;19;2;20;2;21;0;22;1;23;0;24;0;25;0;26;0;27;0;28;0;29;0;30;0;31;0;32;0;33;0;34;0;35;0;36;0;37;0;38;0;39;0;40;0;41;0;42;1;
109_Cercocebus_chrysogaster.sqlite;10;4287;11;1342;12;431;13;207;14;100;15;41;16;24;17;11;18;6;19;1;20;1;21;0;22;0;23;0;24;1;
10_Allenopithecus_nigroviridis.sqlite;10;4151;11;1296;12;346;13;188;14;95;15;45;16;20;17;12;18;0;19;1;20;0;21;0;22;0;23;1;24;1;
110_Cercocebus_torquatus.sqlite;10;4377;11;1335;12;387;13;206;14;95;15;56;16;21;17;7;18;4;19;1;20;1;21;0;22;0;23;1;24;0;25;1;
111_Cercopithecus_diana.sqlite;10;4283;11;1330;12;383;13;170;14;86;15;50;16;19;17;9;18;1;19;1;20;0;21;0;22;0;23;0;24;1;
112_Cercopithecus_lhoesti.sqlite;10;4193;11;1266;12;414;13;190;14;93;15;43;16;23;17;9;18;1;19;0;20;3;21;0;22;0;23;0;24;1;
113_Cercopithecus_mitis.sqlite;10;4012;11;1322;12;378;13;162;14;81;15;42;16;28;17;15;18;8;19;2;20;0;21;0;22;0;23;0;24;0;25;0;26;1;
114_Cervus_elaphus.sqlite;10;3818;11;1191;12;375;13;171;14;106;15;41;16;15;17;9;18;3;19;2;20;0;21;0;22;0;23;0;24;0;25;0;26;1;
115_Chaetophractus_vellerosus.sqlite;10;4257;11;1283;12;436;13;204;14;92;15;51;16;24;17;12;18;5;19;3;20;2;21;1;22;1;23;0;24;1;25;2;26;0;27;1;28;0;29;0;30;0;31;0;32;0;33;1;34;0;35;0;36;0;37;0;38;0;39;1;40;0;41;0;42;0;43;0;44;0;45;1;46;0;47;0;48;0;49;1;50;0;51;1;52;0;53;0;54;0;55;0;56;0;57;1;58;0;59;0;60;0;61;0;62;0;63;1;64;0;65;0;66;0;67;0;68;0;69;1;70;0;71;0;72;0;73;0;74;0;75;0;76;0;77;0;78;0;79;0;80;0;81;0;82;0;83;0;84;0;85;0;86;0;87;0;88;0;89;0;90;1;91;0;92;0;93;0;94;0;95;0;96;0;97;0;98;0;99;0;100;0;101;0;102;0;103;0;104;0;105;0;106;0;107;0;108;0;109;0;110;0;111;0;112;0;113;0;114;0;115;0;116;0;117;0;118;0;119;0;120;0;121;0;122;0;123;0;124;0;125;0;126;0;127;0;128;0;129;1;
116_Chaetophractus_villosus.sqlite;10;4356;11;1353;12;401;13;224;14;125;15;51;16;19;17;12;18;4;19;3;20;3;21;0;22;1;23;1;24;1;25;1;26;0;27;0;28;0;29;1;30;0;31;0;32;0;33;0;34;0;35;0;36;0;37;0;38;0;39;0;40;0;41;0;42;0;43;1;44;0;45;0;46;0;47;0;48;1;49;0;50;0;51;0;52;0;53;1;54;0;55;0;56;0;57;0;58;0;59;4;60;0;61;0;62;0;63;0;64;0;65;1;66;0;67;0;68;0;69;0;70;0;71;1;72;0;73;0;74;0;75;0;76;0;77;0;78;0;79;0;80;0;81;0;82;0;83;0;84;1;85;0;86;0;87;0;88;0;89;1;90;0;91;0;92;0;93;0;94;0;95;1;96;0;97;0;98;0;99;0;100;0;101;0;102;0;103;0;104;0;105;0;106;0;107;0;108;0;109;0;110;0;111;0;112;1;113;0;114;0;115;0;116;0;117;0;118;0;119;0;120;0;121;1;122;0;123;0;124;0;125;0;126;0;127;1;128;0;129;1;130;0;131;0;132;0;133;1;134;0;135;0;136;0;137;0;138;0;139;1;140;0;141;0;142;0;143;0;144;0;145;0;146;0;147;0;148;0;149;0;150;0;151;0;152;0;153;1;154;0;155;0;156;0;157;0;158;0;159;0;160;0;161;0;162;0;163;0;164;0;165;0;166;0;167;0;168;0;169;0;170;0;171;0;172;0;173;0;174;0;175;0;176;0;177;0;178;0;179;0;180;0;181;0;182;0;183;0;184;0;185;0;186;0;187;0;188;0;189;0;190;0;191;0;192;0;193;0;194;0;195;0;196;0;197;0;198;0;199;0;200;0;201;0;202;0;203;0;204;0;205;0;206;0;207;0;208;0;209;0;210;0;211;0;212;0;213;0;214;0;215;0;216;0;217;1;
117_Chalinolobus_tuberculatus.sqlite;10;3957;11;1180;12;350;13;178;14;93;15;23;16;14;17;4;18;5;19;2;20;0;21;0;22;0;23;0;24;1;25;0;26;0;27;0;28;0;29;0;30;1;31;0;32;0;33;0;34;0;35;0;36;1;37;0;38;0;39;0;40;0;41;0;42;1;43;0;44;0;45;0;46;0;47;0;48;1;49;0;50;0;51;0;52;0;53;0;54;1;55;0;56;0;57;0;58;0;59;0;60;1;61;0;62;0;63;0;64;0;65;0;66;1;67;0;68;0;69;0;70;0;71;0;72;1;73;0;74;0;75;0;76;0;77;0;78;1;79;1;80;0;81;0;82;0;83;0;84;1;85;0;86;0;87;0;88;0;89;0;90;1;91;0;92;0;93;0;94;0;95;0;96;1;97;0;98;0;99;0;100;0;101;0;102;1;103;0;104;0;105;0;106;0;107;0;108;1;109;0;110;0;111;0;112;0;113;0;114;1;115;0;116;0;117;0;118;0;119;0;120;1;121;0;122;0;123;0;124;0;125;0;126;1;127;0;128;0;129;0;130;0;131;0;132;1;133;0;134;0;135;0;136;0;137;0;138;1;139;0;140;0;141;0;142;0;143;0;144;1;145;0;146;0;147;0;148;0;149;0;150;1;151;0;152;0;153;0;154;0;155;0;156;1;157;0;158;0;159;0;160;0;161;0;162;1;163;0;164;0;165;1;166;0;167;0;168;1;169;0;170;0;171;0;172;0;173;0;174;1;175;0;176;0;177;0;178;1;179;0;180;1;181;0;182;0;183;0;184;0;185;0;186;1;187;0;188;0;189;0;190;0;191;0;192;1;193;0;194;0;195;0;196;0;197;0;198;1;199;0;200;0;201;0;202;0;203;0;204;1;205;0;206;0;207;0;208;0;209;0;210;1;211;0;212;0;213;0;214;0;215;0;216;1;217;0;218;0;219;0;220;0;221;0;222;1;223;0;224;0;225;0;226;0;227;0;228;1;229;0;230;0;231;0;232;0;233;0;234;1;235;0;236;0;237;0;238;0;239;0;240;1;241;0;242;0;243;0;244;0;245;0;246;1;247;0;248;0;249;0;250;0;251;0;252;1;253;0;254;0;255;0;256;0;257;0;258;1;259;0;260;0;261;0;262;0;263;0;264;1;265;0;266;0;267;0;268;0;269;0;270;1;271;0;272;0;273;0;274;0;275;0;276;1;277;0;278;0;279;0;280;0;281;0;282;1;283;0;284;0;285;0;286;0;287;0;288;1;289;0;290;0;291;0;292;0;293;0;294;1;
118_Cheirogaleus_medius.sqlite;10;4217;11;1360;12;400;13;195;14;93;15;48;16;18;17;6;18;4;19;1;20;2;21;1;22;0;23;1;24;0;25;0;26;0;27;0;28;1;29;0;30;0;31;0;32;0;33;0;34;0;35;0;36;1;37;0;38;0;39;0;40;0;41;0;42;0;43;0;44;1;45;0;46;0;47;0;48;0;49;0;50;0;51;0;52;1;53;0;54;0;55;0;56;0;57;0;58;0;59;0;60;1;
119_Chinchilla_lanigera.sqlite;10;4097;11;1241;12;423;13;192;14;112;15;32;16;20;17;7;18;1;19;0;20;1;21;1;22;1;23;0;24;0;25;2;26;1;27;0;28;0;29;1;30;0;31;0;32;0;33;0;34;0;35;0;36;0;37;0;38;0;39;0;40;0;41;1;42;0;43;0;44;0;45;0;46;0;47;0;48;0;49;0;50;0;51;0;52;0;53;0;54;0;55;0;56;0;57;0;58;0;59;0;60;1;
11_Alouatta_caraya.sqlite;10;4034;11;1258;12;368;13;190;14;87;15;41;16;24;17;12;18;5;19;1;20;2;21;0;22;0;23;2;24;0;25;0;26;0;27;1;
120_Chiropotes_albinasus.sqlite;10;4052;11;1242;12;346;13;195;14;89;15;32;16;22;17;10;18;1;19;4;20;0;21;0;22;0;23;0;24;0;25;0;26;0;27;2;28;0;29;0;30;0;31;0;32;0;33;0;34;0;35;1;
121_Chlamyphorus_truncatus.sqlite;10;3138;11;975;12;294;13;143;14;65;15;28;16;12;17;8;18;1;19;1;20;0;21;0;22;0;23;1;24;0;25;2;26;0;27;0;28;0;29;0;30;0;31;1;32;0;33;0;34;0;35;0;36;0;37;1;38;0;39;0;40;0;41;0;42;0;43;1;44;1;45;0;46;0;47;0;48;0;49;1;50;0;51;0;52;0;53;0;54;0;55;0;56;0;57;0;58;0;59;0;60;0;61;0;62;0;63;0;64;0;65;0;66;0;67;0;68;0;69;0;70;0;71;0;72;0;73;0;74;0;75;0;76;0;77;0;78;0;79;0;80;0;81;0;82;0;83;0;84;0;85;0;86;0;87;0;88;0;89;0;90;0;91;0;92;0;93;0;94;0;95;0;96;0;97;0;98;0;99;1;100;0;101;0;102;0;103;0;104;0;105;0;106;0;107;0;108;0;109;0;110;0;111;0;112;0;113;0;114;0;115;0;116;0;117;0;118;0;119;0;120;0;121;0;122;0;123;0;124;0;125;0;126;1;
122_Chlorocebus_aethiops.sqlite;10;4142;11;1290;12;392;13;185;14;95;15;46;16;21;17;14;18;2;19;1;20;3;21;0;22;2;
123_Chlorocebus_cynosuros.sqlite;10;4111;11;1299;12;405;13;175;14;105;15;49;16;25;17;10;18;1;19;0;20;1;21;0;22;0;23;1;24;0;25;0;26;1;
124_Chlorocebus_pygerythrus.sqlite;10;4056;11;1293;12;392;13;174;14;104;15;39;16;21;17;10;18;2;19;1;20;1;21;0;22;0;23;0;24;0;25;0;26;0;27;1;
125_Chlorocebus_sabaeus.sqlite;10;4447;11;1419;12;390;13;200;14;114;15;53;16;25;17;4;18;2;19;2;20;2;21;0;22;0;23;0;24;0;25;0;26;1;
126_Chlorocebus_tantalus.sqlite;10;4217;11;1316;12;402;13;209;14;113;15;52;16;27;17;11;18;2;19;1;20;1;21;1;22;0;23;0;24;1;
127_Choloepus_didactylus.sqlite;10;4333;11;1340;12;441;13;230;14;101;15;50;16;25;17;15;18;2;19;5;20;1;21;0;22;1;23;0;24;1;25;1;26;0;27;0;28;1;29;0;30;0;31;0;32;0;33;0;34;1;35;0;36;1;37;0;38;1;39;0;40;0;41;0;42;0;43;0;44;0;45;0;46;0;47;0;48;0;49;0;50;0;51;0;52;0;53;0;54;0;55;0;56;1;
128_Choloepus_hoffmanni.sqlite;10;4391;11;1331;12;419;13;243;14;109;15;52;16;27;17;14;18;4;19;3;20;0;21;1;22;2;23;0;24;0;25;0;26;0;27;0;28;0;29;0;30;0;31;0;32;0;33;1;
129_Chrysochloris_asiatica.sqlite;10;4713;11;1450;12;465;13;214;14;120;15;51;16;27;17;18;18;4;19;2;20;1;21;1;22;0;23;0;24;0;25;0;26;0;27;1;28;0;29;0;30;1;31;0;32;0;33;0;34;0;35;1;36;0;37;0;38;0;39;0;40;0;41;0;42;0;43;1;44;0;45;0;46;0;47;0;48;0;49;0;50;0;51;1;52;0;53;0;54;0;55;0;56;0;57;0;58;0;59;1;60;0;61;0;62;0;63;0;64;0;65;0;66;0;67;1;68;0;69;0;70;0;71;0;72;0;73;0;74;0;75;1;76;0;77;0;78;0;79;0;80;0;81;0;82;0;83;1;84;0;85;0;86;0;87;0;88;0;89;0;90;0;91;1;92;0;93;0;94;0;95;0;96;0;97;0;98;0;99;1;100;0;101;0;102;0;103;0;104;0;105;0;106;0;107;1;108;0;109;0;110;0;111;0;112;0;113;0;114;0;115;1;116;0;117;0;118;0;119;0;120;0;121;0;122;0;123;1;124;0;125;0;126;0;127;0;128;0;129;0;130;0;131;1;132;0;133;0;134;0;135;0;136;0;137;0;138;0;139;1;140;0;141;0;142;0;143;0;144;0;145;0;146;0;147;1;148;0;149;0;150;0;151;0;152;0;153;0;154;0;155;1;156;0;157;0;158;0;159;0;160;0;161;0;162;0;163;1;164;0;165;0;166;0;167;0;168;0;169;0;170;0;171;1;172;0;173;0;174;0;175;0;176;0;177;0;178;0;179;1;180;0;181;0;182;0;183;0;184;0;185;0;186;0;187;1;188;0;189;0;190;0;191;0;192;0;193;0;194;0;195;1;196;0;197;0;198;0;199;0;200;0;201;0;202;0;203;1;204;0;205;0;206;0;207;0;208;0;209;0;210;0;211;1;212;0;213;0;214;0;215;0;216;0;217;0;218;0;219;1;220;0;221;0;222;0;223;0;224;0;225;0;226;0;227;1;228;0;229;0;230;0;231;0;232;0;233;0;234;0;235;1;236;0;237;0;238;0;239;0;240;0;241;0;242;0;243;1;244;0;245;0;246;0;247;0;248;0;249;0;250;0;251;1;252;0;253;0;254;0;255;0;256;0;257;0;258;0;259;1;260;0;261;0;262;0;263;0;264;0;265;0;266;0;267;1;268;0;269;0;270;0;271;0;272;0;273;0;274;0;275;1;
12_Alouatta_seniculus.sqlite;10;4116;11;1308;12;381;13;210;14;80;15;47;16;16;17;12;18;9;19;2;20;2;21;0;22;1;23;0;24;0;25;1;26;0;27;0;28;0;29;0;30;1;
130_Chrysocyon_brachyurus.sqlite;10;3772;11;1085;12;367;13;176;14;85;15;43;16;16;17;8;18;2;19;0;20;0;21;0;22;1;23;0;24;0;25;0;26;1;27;0;28;1;29;0;30;0;31;0;32;0;33;0;34;1;35;0;36;0;37;0;38;0;39;0;40;0;41;0;42;0;43;0;44;1;45;0;46;0;47;0;48;0;49;0;50;0;51;0;52;0;53;0;54;0;55;0;56;0;57;0;58;1;59;0;60;0;61;0;62;0;63;0;64;1;65;0;66;0;67;0;68;0;69;0;70;0;71;0;72;0;73;0;74;0;75;1;76;0;77;0;78;0;79;0;80;0;81;0;82;0;83;0;84;0;85;0;86;0;87;0;88;1;89;0;90;0;91;0;92;0;93;0;94;1;95;0;96;0;97;0;98;0;99;0;100;0;101;0;102;0;103;0;104;0;105;0;106;0;107;0;108;1;109;0;110;0;111;0;112;0;113;0;114;0;115;0;116;0;117;0;118;1;119;0;120;0;121;0;122;0;123;0;124;0;125;0;126;0;127;0;128;1;129;0;130;0;131;0;132;0;133;0;134;0;135;0;136;0;137;0;138;1;139;0;140;0;141;0;142;0;143;0;144;0;145;0;146;0;147;1;148;0;149;0;150;0;151;0;152;0;153;0;154;1;155;0;156;0;157;0;158;0;159;0;160;0;161;0;162;0;163;0;164;0;165;0;166;0;167;0;168;1;169;0;170;0;171;0;172;0;173;0;174;1;175;0;176;0;177;0;178;0;179;0;180;0;181;0;182;0;183;0;184;0;185;0;186;0;187;0;188;1;189;0;190;0;191;0;192;0;193;0;194;1;195;0;196;0;197;0;198;0;199;0;200;0;201;0;202;0;203;0;204;0;205;1;206;0;207;0;208;0;209;0;210;0;211;0;212;0;213;0;214;0;215;0;216;0;217;0;218;1;219;0;220;0;221;0;222;0;223;0;224;0;225;0;226;0;227;0;228;1;229;0;230;0;231;0;232;0;233;0;234;0;235;0;236;0;237;0;238;1;239;0;240;0;241;0;242;0;243;0;244;0;245;0;246;0;247;0;248;1;249;0;250;0;251;0;252;0;253;0;254;1;255;0;256;0;257;0;258;0;259;0;260;0;261;0;262;0;263;0;264;0;265;0;266;0;267;0;268;1;269;0;270;0;271;0;272;0;273;0;274;0;275;0;276;0;277;1;278;0;279;0;280;0;281;0;282;0;283;0;284;0;285;0;286;0;287;0;288;0;289;0;290;0;291;0;292;0;293;0;294;0;295;0;296;0;297;0;298;1;299;0;300;0;301;0;302;0;303;0;304;1;305;0;306;0;307;0;308;0;309;0;310;0;311;0;312;0;313;0;314;1;315;0;316;0;317;0;318;0;319;0;320;0;321;0;322;0;323;0;324;0;325;0;326;0;327;0;328;1;329;0;330;0;331;0;332;0;333;0;334;1;335;0;336;0;337;0;338;0;339;0;340;0;341;0;342;0;343;0;344;0;345;0;346;0;347;0;348;0;349;0;350;0;351;0;352;0;353;0;354;0;355;0;356;0;357;0;358;0;359;0;360;0;361;0;362;0;363;0;364;0;365;0;366;0;367;0;368;0;369;0;370;0;371;0;372;0;373;0;374;0;375;0;376;0;377;0;378;0;379;0;380;0;381;1;
131_Colobus_guereza.sqlite;10;3987;11;1234;12;337;13;190;14;112;15;31;16;20;17;6;18;1;19;0;20;1;21;0;22;0;23;0;24;0;25;0;26;0;27;0;28;0;29;0;30;0;31;0;32;0;33;1;
132_Condylura_cristata.sqlite;10;4815;11;1525;12;465;13;234;14;121;15;55;16;20;17;9;18;5;19;0;20;1;21;1;22;0;23;2;24;0;25;1;26;0;27;0;28;0;29;1;30;1;31;1;32;0;33;0;34;0;35;0;36;0;37;1;38;0;39;1;40;0;41;0;42;0;43;0;44;0;45;1;46;0;47;1;48;0;49;0;50;0;51;0;52;0;53;1;54;0;55;1;56;0;57;0;58;0;59;0;60;0;61;0;62;0;63;0;64;0;65;0;66;0;67;0;68;0;69;0;70;0;71;0;72;0;73;1;74;0;75;0;76;0;77;0;78;0;79;0;80;0;81;1;82;0;83;0;84;0;85;0;86;0;87;0;88;0;89;1;90;0;91;0;92;0;93;0;94;0;95;0;96;0;97;1;
133_Connochaetes_gnou.sqlite;10;3714;11;1120;12;380;13;173;14;89;15;49;16;18;17;12;18;4;19;2;20;0;21;0;22;0;23;2;24;2;
134_Connochaetes_taurinus.sqlite;10;3764;11;1154;12;383;13;169;14;94;15;48;16;12;17;9;18;0;19;3;20;1;21;0;22;1;
135_Cricetulus_kamensis.sqlite;10;4142;11;1276;12;347;13;179;14;90;15;40;16;18;17;9;18;6;19;2;20;0;21;0;22;0;23;0;24;1;
136_Cricetulus_longicaudatus.sqlite;10;3951;11;1192;12;332;13;170;14;88;15;34;16;24;17;11;18;2;19;1;20;0;21;0;22;0;23;1;
137_Crocidura_attenuata.sqlite;10;5038;11;1519;12;461;13;247;14;105;15;53;16;27;17;6;18;3;19;1;20;2;21;0;22;0;23;0;24;2;25;0;26;6;27;0;28;0;29;1;30;0;31;0;32;0;33;0;34;1;35;0;36;0;37;0;38;0;39;1;40;0;41;0;42;0;43;0;44;0;45;0;46;0;47;0;48;1;49;1;50;0;51;0;52;0;53;0;54;5;55;0;56;0;57;3;58;0;59;1;60;0;61;0;62;0;63;0;64;0;65;0;66;0;67;0;68;0;69;1;70;0;71;0;72;0;73;0;74;0;75;0;76;0;77;0;78;1;79;1;80;0;81;0;82;0;83;0;84;0;85;0;86;0;87;0;88;0;89;1;90;0;91;0;92;0;93;0;94;0;95;0;96;0;97;0;98;0;99;1;100;0;101;0;102;0;103;0;104;0;105;0;106;0;107;1;108;0;109;1;110;0;111;0;112;0;113;0;114;0;115;0;116;0;117;0;118;0;119;1;120;0;121;1;122;0;123;0;124;1;125;0;126;1;127;0;128;0;129;1;130;0;131;0;132;0;133;0;134;0;135;0;136;0;137;0;138;0;139;1;140;0;141;0;142;0;143;0;144;0;145;0;146;0;147;0;148;0;149;1;150;0;151;0;152;0;153;0;154;0;155;0;156;1;157;0;158;0;159;1;160;0;161;0;162;0;163;0;164;0;165;0;166;0;167;0;168;0;169;1;170;4;171;0;172;0;173;0;174;0;175;0;176;0;177;0;178;0;179;1;180;0;181;0;182;0;183;0;184;0;185;1;186;0;187;0;188;0;189;1;190;0;191;0;192;0;193;0;194;0;195;0;196;0;197;0;198;0;199;1;200;0;201;0;202;1;203;0;204;0;205;0;206;0;207;0;208;0;209;1;210;0;211;0;212;0;213;0;214;0;215;0;216;0;217;0;218;0;219;1;220;0;221;0;222;0;223;0;224;0;225;0;226;0;227;0;228;0;229;1;230;0;231;0;232;0;233;0;234;0;235;0;236;0;237;0;238;0;239;1;240;0;241;0;242;0;243;0;244;0;245;0;246;0;247;0;248;0;249;1;250;0;251;1;252;0;253;0;254;0;255;0;256;0;257;0;258;0;259;0;260;0;261;0;262;0;263;1;264;0;265;0;266;0;267;0;268;0;269;0;270;0;271;0;272;0;273;0;274;0;275;0;276;0;277;0;278;0;279;0;280;1;281;0;282;0;283;0;284;0;285;0;286;0;287;0;288;0;289;0;290;0;291;0;292;0;293;0;294;0;295;0;296;0;297;0;298;0;299;0;300;0;301;0;302;0;303;0;304;0;305;0;306;0;307;0;308;0;309;0;310;0;311;0;312;0;313;0;314;0;315;0;316;0;317;0;318;0;319;0;320;0;321;0;322;0;323;0;324;0;325;0;326;0;327;0;328;0;329;0;330;0;331;0;332;0;333;0;334;0;335;0;336;0;337;0;338;0;339;0;340;0;341;1;342;0;343;0;344;0;345;0;346;0;347;0;348;0;349;0;350;0;351;0;352;0;353;0;354;0;355;0;356;0;357;0;358;1;359;0;360;0;361;0;362;0;363;0;364;0;365;0;366;0;367;0;368;0;369;0;370;0;371;0;372;0;373;0;374;0;375;0;376;0;377;0;378;0;379;0;380;0;381;0;382;0;383;0;384;0;385;0;386;0;387;0;388;0;389;0;390;0;391;0;392;0;393;0;394;0;395;0;396;0;397;0;398;0;399;0;400;0;401;0;402;0;403;0;404;0;405;0;406;0;407;0;408;0;409;0;410;0;411;0;412;0;413;0;414;0;415;0;416;0;417;0;418;0;419;1;420;0;421;0;422;0;423;0;424;0;425;0;426;0;427;0;428;0;429;0;430;0;431;0;432;0;433;0;434;0;435;0;436;0;437;0;438;0;439;0;440;0;441;0;442;0;443;0;444;0;445;0;446;0;447;0;448;0;449;0;450;0;451;0;452;0;453;0;454;0;455;0;456;0;457;0;458;0;459;0;460;0;461;0;462;0;463;0;464;0;465;0;466;0;467;0;468;0;469;0;470;0;471;0;472;0;473;0;474;0;475;0;476;0;477;0;478;0;479;0;480;0;481;0;482;0;483;0;484;0;485;0;486;0;487;0;488;0;489;0;490;0;491;0;492;0;493;0;494;0;495;0;496;0;497;0;498;0;499;0;500;0;501;0;502;0;503;0;504;0;505;0;506;0;507;0;508;0;509;0;510;0;511;0;512;0;513;0;514;0;515;0;516;0;517;0;518;0;519;0;520;0;521;0;522;0;523;0;524;0;525;0;526;0;527;0;528;0;529;0;530;0;531;0;532;0;533;0;534;0;535;0;536;0;537;0;538;0;539;0;540;0;541;0;542;0;543;0;544;0;545;0;546;0;547;0;548;0;549;0;550;0;551;0;552;0;553;0;554;0;555;0;556;0;557;0;558;0;559;0;560;0;561;0;562;0;563;0;564;0;565;0;566;0;567;0;568;0;569;0;570;0;571;0;572;0;573;0;574;0;575;0;576;0;577;0;578;0;579;0;580;0;581;0;582;0;583;0;584;0;585;0;586;0;587;0;588;0;589;0;590;0;591;0;592;0;593;0;594;0;595;0;596;0;597;0;598;0;599;0;600;0;601;0;602;0;603;0;604;0;605;1;606;0;607;0;608;0;609;0;610;0;611;0;612;0;613;0;614;0;615;0;616;0;617;0;618;0;619;0;620;0;621;0;622;0;623;0;624;0;625;0;626;0;627;0;628;0;629;0;630;0;631;0;632;0;633;0;634;0;635;0;636;0;637;0;638;0;639;0;640;0;641;0;642;0;643;0;644;0;645;0;646;0;647;0;648;0;649;0;650;0;651;0;652;0;653;0;654;0;655;0;656;0;657;0;658;0;659;0;660;0;661;0;662;0;663;0;664;0;665;0;666;1;
138_Crocidura_beatus.sqlite;10;3852;11;1250;12;359;13;182;14;75;15;47;16;22;17;9;18;4;19;2;20;0;21;0;22;0;23;0;24;0;25;0;26;0;27;1;
139_Crocidura_grayi.sqlite;10;3986;11;1242;12;386;13;212;14;81;15;46;16;27;17;9;18;1;19;0;20;1;21;0;22;0;23;1;24;0;25;0;26;1;
13_Ammotragus_lervia.sqlite;10;4063;11;1284;12;377;13;184;14;98;15;46;16;16;17;11;18;5;19;2;20;1;21;0;22;0;23;1;24;1;25;1;26;1;27;0;28;0;29;0;30;0;31;0;32;0;33;0;34;0;35;0;36;0;37;0;38;0;39;0;40;0;41;0;42;0;43;0;44;0;45;0;46;0;47;0;48;0;49;0;50;0;51;0;52;0;53;0;54;0;55;0;56;1;
140_Crocidura_lasiura.sqlite;10;4828;11;1480;12;503;13;295;14;106;15;50;16;25;17;7;18;2;19;4;20;1;21;0;22;0;23;0;24;2;25;0;26;0;27;0;28;0;29;0;30;0;31;0;32;1;33;0;34;0;35;0;36;0;37;0;38;0;39;0;40;1;41;0;42;0;43;0;44;0;45;0;46;0;47;0;48;1;49;0;50;1;51;0;52;0;53;1;54;0;55;0;56;0;57;0;58;0;59;0;60;0;61;1;62;0;63;0;64;0;65;0;66;0;67;0;68;0;69;1;70;0;71;0;72;0;73;0;74;0;75;0;76;0;77;1;78;0;79;0;80;0;81;0;82;0;83;0;84;0;85;1;86;0;87;0;88;0;89;0;90;0;91;0;92;0;93;1;94;0;95;0;96;0;97;0;98;0;99;0;100;0;101;1;102;0;103;0;104;0;105;0;106;0;107;0;108;0;109;1;110;0;111;0;112;0;113;0;114;0;115;0;116;0;117;0;118;0;119;0;120;1;121;0;122;0;123;0;124;0;125;0;126;0;127;0;128;1;129;1;130;0;131;0;132;0;133;0;134;0;135;0;136;1;137;0;138;0;139;0;140;0;141;0;142;0;143;0;144;1;145;0;146;0;147;0;148;0;149;0;150;0;151;1;152;0;153;0;154;0;155;0;156;0;157;0;158;0;159;1;160;0;161;0;162;0;163;0;164;0;165;0;166;0;167;1;168;0;169;0;170;0;171;0;172;0;173;0;174;0;175;1;176;0;177;0;178;0;179;0;180;0;181;0;182;0;183;1;184;0;185;0;186;0;187;0;188;0;189;0;190;0;191;1;192;0;193;0;194;0;195;0;196;0;197;0;198;0;199;1;200;0;201;0;202;0;203;0;204;0;205;0;206;0;207;1;208;1;209;0;210;0;211;0;212;0;213;0;214;0;215;1;216;0;217;0;218;0;219;0;220;0;221;0;222;0;223;0;224;1;225;0;226;0;227;0;228;0;229;0;230;0;231;0;232;1;233;0;234;0;235;0;236;0;237;0;238;0;239;0;240;1;241;0;242;0;243;0;244;0;245;0;246;0;247;0;248;1;249;0;250;0;251;0;252;0;253;0;254;0;255;0;256;1;257;0;258;0;259;0;260;0;261;0;262;0;263;0;264;1;265;0;266;0;267;0;268;0;269;0;270;0;271;0;272;1;273;0;274;0;275;0;276;0;277;0;278;0;279;0;280;1;281;0;282;0;283;0;284;0;285;1;286;0;287;1;288;0;289;0;290;0;291;0;292;0;293;1;294;0;295;0;296;0;297;0;298;0;299;0;300;0;301;1;302;0;303;0;304;0;305;0;306;0;307;0;308;0;309;1;310;0;311;0;312;0;313;0;314;0;315;0;316;0;317;1;318;0;319;0;320;0;321;0;322;0;323;0;324;0;325;1;326;0;327;0;328;0;329;0;330;0;331;0;332;0;333;1;334;0;335;0;336;0;337;0;338;0;339;0;340;0;341;1;342;0;343;0;344;0;345;0;346;0;347;0;348;0;349;1;350;0;351;0;352;0;353;0;354;0;355;0;356;0;357;0;358;0;359;0;360;1;361;0;362;0;363;0;364;0;365;0;366;0;367;0;368;1;369;0;370;0;371;0;372;0;373;0;374;0;375;0;376;1;377;0;378;0;379;0;380;0;381;0;382;0;383;0;384;1;385;0;386;0;387;0;388;0;389;0;390;0;391;1;392;0;393;0;394;0;395;0;396;0;397;0;398;0;399;1;400;0;401;0;402;0;403;0;404;0;405;0;406;0;407;1;408;0;409;0;410;0;411;0;412;0;413;0;414;0;415;1;416;0;417;0;418;0;419;0;420;0;421;0;422;0;423;1;424;0;425;0;426;0;427;0;428;0;429;0;430;0;431;1;432;0;433;0;434;0;435;0;436;0;437;0;438;0;439;1;440;0;441;0;442;0;443;0;444;0;445;0;446;0;447;1;448;0;449;0;450;0;451;0;452;0;453;0;454;0;455;0;456;1;457;0;458;0;459;0;460;0;461;0;462;0;463;0;464;1;465;0;466;0;467;0;468;0;469;0;470;0;471;0;472;1;473;0;474;0;475;0;476;0;477;0;478;0;479;0;480;1;
141_Crocidura_mindorus.sqlite;10;3863;11;1195;12;367;13;182;14;100;15;37;16;30;17;6;18;2;19;0;20;0;21;0;22;0;23;1;24;0;25;0;26;0;27;0;28;1;
142_Crocidura_negrina.sqlite;10;3988;11;1283;12;376;13;195;14;108;15;45;16;22;17;5;18;4;19;1;20;1;21;1;22;0;23;0;24;0;25;0;26;1;
143_Crocidura_orientalis.sqlite;10;3957;11;1230;12;371;13;187;14;97;15;36;16;18;17;8;18;5;19;0;20;1;21;0;22;0;23;0;24;1;
144_Crocidura_palawanensis.sqlite;10;3858;11;1224;12;368;13;183;14;87;15;41;16;15;17;5;18;1;19;1;20;1;21;1;22;0;23;1;
145_Crocidura_russula.sqlite;10;4114;11;1276;12;353;13;191;14;103;15;58;16;26;17;9;18;6;19;2;20;1;21;0;22;0;23;1;24;0;25;1;26;0;27;1;28;1;29;1;30;0;31;0;32;0;33;0;34;0;35;1;36;0;37;1;38;0;39;1;40;0;41;1;42;0;43;0;44;0;45;0;46;0;47;1;48;0;49;1;50;0;51;1;52;0;53;1;54;0;55;0;56;0;57;0;58;0;59;1;60;0;61;1;62;0;63;1;64;0;65;1;66;0;67;0;68;0;69;0;70;0;71;1;72;0;73;1;74;0;75;1;76;0;77;1;78;0;79;0;80;0;81;0;82;0;83;1;84;0;85;1;86;0;87;1;88;0;89;1;90;0;91;0;92;0;93;0;94;0;95;1;96;0;97;2;98;0;99;1;100;0;101;1;102;0;103;0;104;0;105;0;106;0;107;1;108;0;109;1;110;0;111;1;112;0;113;1;114;0;115;0;116;0;117;0;118;0;119;1;120;0;121;1;122;0;123;0;124;0;125;1;126;0;127;0;128;0;129;0;130;0;131;1;132;0;133;0;134;0;135;0;136;0;137;1;138;0;139;0;140;0;141;0;142;0;143;1;144;0;145;0;146;0;147;0;148;0;149;1;150;0;151;0;152;0;153;0;154;0;155;1;156;0;157;0;158;0;159;0;160;0;161;1;162;0;163;0;164;0;165;0;166;0;167;1;168;0;169;0;170;0;171;0;172;0;173;1;174;0;175;1;176;0;177;0;178;0;179;1;180;0;181;0;182;0;183;0;184;0;185;1;186;0;187;0;188;0;189;0;190;0;191;1;192;0;193;0;194;0;195;0;196;0;197;1;198;0;199;0;200;0;201;0;202;0;203;1;204;0;205;0;206;0;207;0;208;0;209;1;210;0;211;0;212;0;213;0;214;0;215;1;216;0;217;0;218;0;219;1;220;0;221;0;222;0;223;0;224;0;225;0;226;0;227;0;228;0;229;0;230;0;231;0;232;0;233;0;234;0;235;0;236;0;237;0;238;0;239;0;240;0;241;0;242;0;243;0;244;0;245;0;246;0;247;0;248;0;249;0;250;0;251;0;252;0;253;1;254;0;255;0;256;0;257;0;258;0;259;0;260;0;261;0;262;0;263;0;264;0;265;0;266;0;267;0;268;0;269;0;270;0;271;0;272;0;273;0;274;0;275;0;276;0;277;0;278;0;279;0;280;0;281;0;282;0;283;0;284;0;285;0;286;0;287;0;288;0;289;0;290;0;291;0;292;0;293;0;294;0;295;0;296;0;297;0;298;0;299;0;300;0;301;0;302;0;303;0;304;0;305;0;306;0;307;0;308;0;309;0;310;0;311;0;312;0;313;0;314;0;315;0;316;0;317;0;318;0;319;0;320;0;321;0;322;0;323;0;324;0;325;0;326;0;327;0;328;0;329;0;330;0;331;0;332;0;333;0;334;0;335;0;336;0;337;0;338;0;339;0;340;0;341;0;342;0;343;0;344;0;345;0;346;0;347;0;348;0;349;0;350;0;351;0;352;1;353;0;354;0;355;0;356;0;357;0;358;0;359;0;360;0;361;0;362;0;363;0;364;1;365;0;366;0;367;0;368;0;369;0;370;0;371;0;372;0;373;0;374;0;375;0;376;1;377;0;378;0;379;0;380;0;381;0;382;0;383;0;384;0;385;0;386;0;387;0;388;1;389;0;390;0;391;0;392;0;393;0;394;0;395;0;396;0;397;0;398;0;399;0;400;1;401;0;402;0;403;0;404;0;405;0;406;0;407;0;408;0;409;0;410;0;411;0;412;1;413;0;414;0;415;0;416;0;417;0;418;0;419;0;420;0;421;0;422;0;423;0;424;1;425;0;426;0;427;0;428;0;429;0;430;0;431;0;432;0;433;0;434;0;435;0;436;1;
146_Crocidura_shantungensis.sqlite;10;5391;11;1605;12;489;13;252;14;139;15;65;16;39;17;13;18;9;19;5;20;13;21;3;22;4;23;2;24;2;25;1;26;1;27;1;28;3;29;0;30;1;31;0;32;1;33;0;34;0;35;1;36;0;37;1;38;0;39;0;40;0;41;1;42;0;43;1;44;0;45;0;46;0;47;1;48;0;49;0;50;0;51;0;52;0;53;0;54;0;55;0;56;0;57;1;58;0;59;0;60;0;61;0;62;0;63;0;64;0;65;0;66;0;67;0;68;0;69;0;70;0;71;1;72;0;73;0;74;0;75;0;76;0;77;0;78;0;79;0;80;0;81;0;82;0;83;1;84;0;85;0;86;0;87;0;88;0;89;0;90;0;91;0;92;0;93;0;94;0;95;1;96;0;97;0;98;0;99;0;100;0;101;0;102;0;103;0;104;0;105;0;106;0;107;1;108;0;109;0;110;1;111;0;112;0;113;0;114;0;115;0;116;0;117;0;118;0;119;1;120;0;121;0;122;0;123;0;124;0;125;0;126;0;127;0;128;0;129;0;130;0;131;1;132;0;133;0;134;0;135;0;136;0;137;0;138;0;139;0;140;0;141;0;142;0;143;1;144;0;145;0;146;0;147;0;148;0;149;0;150;0;151;0;152;0;153;0;154;0;155;1;156;0;157;0;158;0;159;0;160;0;161;0;162;0;163;0;164;0;165;1;166;0;167;0;168;0;169;0;170;0;171;0;172;0;173;0;174;0;175;0;176;0;177;0;178;0;179;0;180;0;181;0;182;0;183;0;184;0;185;0;186;0;187;0;188;0;189;1;190;0;191;0;192;0;193;0;194;0;195;0;196;0;197;0;198;0;199;0;200;0;201;0;202;0;203;0;204;0;205;0;206;0;207;0;208;0;209;0;210;0;211;0;212;0;213;0;214;0;215;0;216;0;217;0;218;0;219;0;220;0;221;0;222;0;223;0;224;0;225;0;226;0;227;0;228;0;229;0;230;0;231;0;232;0;233;0;234;0;235;0;236;0;237;0;238;0;239;0;240;0;241;0;242;0;243;0;244;0;245;0;246;0;247;0;248;0;249;0;250;0;251;0;252;0;253;0;254;0;255;0;256;0;257;0;258;0;259;0;260;0;261;0;262;0;263;1;
147_Crocuta_crocuta.sqlite;10;4088;11;1187;12;370;13;214;14;86;15;40;16;25;17;7;18;4;19;1;20;1;21;0;22;0;23;1;24;0;25;1;26;0;27;1;28;0;29;0;30;0;31;0;32;0;33;2;34;0;35;0;36;0;37;0;38;0;39;0;40;0;41;0;42;0;43;1;44;4;45;0;46;0;47;0;48;0;49;0;50;0;51;0;52;0;53;0;54;0;55;1;56;0;57;0;58;0;59;1;60;0;61;0;62;0;63;0;64;0;65;0;66;0;67;0;68;0;69;0;70;0;71;0;72;0;73;0;74;0;75;1;76;4;77;0;78;0;79;0;80;0;81;0;82;0;83;0;84;0;85;0;86;0;87;0;88;0;89;0;90;0;91;1;92;0;93;0;94;0;95;0;96;0;97;0;98;0;99;0;100;0;101;0;102;0;103;0;104;0;105;0;106;0;107;0;108;0;109;0;110;0;111;0;112;0;113;0;114;0;115;0;116;0;117;0;118;0;119;0;120;0;121;0;122;0;123;1;124;0;125;0;126;0;127;0;128;0;129;0;130;1;131;0;132;0;133;0;134;0;135;0;136;0;137;0;138;0;139;0;140;0;141;0;142;0;143;0;144;0;145;0;146;0;147;0;148;0;149;0;150;0;151;0;152;0;153;0;154;0;155;0;156;0;157;1;158;0;159;0;160;1;161;0;162;0;163;0;164;0;165;0;166;0;167;0;168;0;169;0;170;0;171;0;172;0;173;1;174;0;175;0;176;0;177;0;178;0;179;0;180;0;181;0;182;0;183;0;184;0;185;0;186;0;187;0;188;0;189;1;190;0;191;0;192;1;193;0;194;0;195;0;196;0;197;0;198;0;199;0;200;0;201;0;202;0;203;0;204;0;205;1;206;0;207;0;208;0;209;0;210;0;211;0;212;0;213;0;214;0;215;0;216;0;217;0;218;0;219;0;220;0;221;1;
148_Ctenomys_leucodon.sqlite;10;4831;11;1557;12;456;13;223;14;122;15;58;16;24;17;13;18;4;19;2;20;2;21;1;22;0;23;1;24;0;25;1;26;0;27;1;28;1;
149_Ctenomys_sociabilis.sqlite;10;5380;11;1716;12;515;13;264;14;131;15;52;16;28;17;14;18;4;19;0;20;1;21;0;22;1;23;1;24;1;25;1;26;0;27;0;28;0;29;1;30;0;31;0;32;0;33;0;34;0;35;0;36;0;37;0;38;0;39;0;40;0;41;0;42;0;43;0;44;0;45;0;46;0;47;1;48;0;49;0;50;0;51;0;52;0;53;0;54;0;55;0;56;1;57;0;58;0;59;0;60;0;61;0;62;0;63;1;64;0;65;0;66;0;67;0;68;0;69;0;70;0;71;1;72;0;73;0;74;0;75;0;76;0;77;0;78;0;79;1;80;0;81;0;82;0;83;0;84;0;85;0;86;0;87;0;88;1;89;0;90;0;91;0;92;0;93;0;94;0;95;1;96;0;97;0;98;0;99;0;100;0;101;0;102;0;103;1;104;0;105;0;106;0;107;0;108;0;109;0;110;0;111;1;112;0;113;0;114;0;115;0;116;0;117;0;118;0;119;1;120;0;121;0;122;0;123;0;124;0;125;0;126;0;127;1;128;0;129;0;130;0;131;0;132;0;133;0;134;0;135;1;136;0;137;0;138;0;139;0;140;0;141;0;142;0;143;1;144;0;145;0;146;0;147;0;148;0;149;0;150;0;151;1;152;0;153;0;154;0;155;0;156;0;157;0;158;0;159;0;160;0;161;1;162;0;163;0;164;0;165;0;166;0;167;0;168;0;169;1;170;0;171;0;172;0;173;0;174;0;175;0;176;0;177;1;178;0;179;0;180;0;181;0;182;0;183;0;184;0;185;1;186;0;187;0;188;0;189;0;190;0;191;0;192;0;193;1;194;0;195;0;196;0;197;0;198;0;199;0;200;0;201;1;202;0;203;0;204;0;205;0;206;0;207;0;208;0;209;1;210;0;211;0;212;0;213;0;214;0;215;0;216;0;217;1;218;0;219;0;220;0;221;0;222;0;223;0;224;0;225;1;226;0;227;0;228;0;229;0;230;0;231;0;232;0;233;1;234;0;235;0;236;0;237;0;238;0;239;0;240;0;241;1;242;0;243;0;244;0;245;0;246;0;247;0;248;0;249;1;250;0;251;0;252;0;253;0;254;0;255;0;256;0;257;1;258;0;259;0;260;0;261;0;262;0;263;0;264;0;265;1;266;0;267;0;268;0;269;0;270;0;271;0;272;0;273;0;274;1;275;0;276;0;277;0;278;0;279;0;280;0;281;0;282;1;283;0;284;0;285;0;286;0;287;0;288;0;289;0;290;1;291;0;292;0;293;0;294;0;295;0;296;0;297;0;298;1;299;0;300;0;301;0;302;0;303;0;304;0;305;0;306;1;307;0;308;0;309;0;310;0;311;0;312;0;313;0;314;1;315;0;316;0;317;0;318;0;319;0;320;0;321;0;322;1;323;0;324;0;325;0;326;0;327;0;328;0;329;0;330;1;331;0;332;0;333;0;334;0;335;0;336;0;337;0;338;1;339;0;340;0;341;0;342;0;343;0;344;0;345;0;346;1;347;0;348;0;349;0;350;0;351;0;352;0;353;0;354;1;355;0;356;0;357;0;358;0;359;0;360;0;361;0;362;1;363;0;364;0;365;0;366;0;367;0;368;0;369;0;370;1;371;0;372;0;373;0;374;0;375;0;376;0;377;0;378;1;379;0;380;0;381;0;382;0;383;0;384;0;385;0;386;1;387;0;388;0;389;0;390;0;391;0;392;0;393;0;394;1;395;0;396;0;397;0;398;0;399;0;400;0;401;1;402;0;403;0;404;0;405;0;406;1;
14_Anoura_caudifer.sqlite;10;3754;11;1159;12;368;13;176;14;79;15;43;16;22;17;8;18;3;19;2;20;0;21;0;22;0;23;0;24;0;25;0;26;0;27;0;28;1;29;0;30;0;31;0;32;0;33;0;34;0;35;0;36;0;37;0;38;0;39;0;40;0;41;0;42;0;43;0;44;1;45;0;46;0;47;0;48;0;49;0;50;0;51;0;52;0;53;0;54;0;55;0;56;0;57;0;58;0;59;0;60;1;61;0;62;0;63;0;64;0;65;0;66;0;67;0;68;0;69;0;70;0;71;0;72;0;73;0;74;0;75;0;76;1;77;0;78;0;79;0;80;0;81;0;82;0;83;0;84;0;85;0;86;0;87;0;88;0;89;0;90;0;91;0;92;1;
150_Cuon_alpinus.sqlite;10;3494;11;1003;12;275;13;161;14;69;15;29;16;13;17;6;18;7;19;7;20;1;21;0;22;1;23;1;24;3;25;4;26;0;27;0;28;0;29;1;30;0;31;1;32;0;33;0;34;2;35;3;36;1;37;0;38;0;39;0;40;0;41;1;42;0;43;1;44;1;45;1;46;0;47;2;48;0;49;0;50;0;51;4;52;0;53;1;54;1;55;1;56;0;57;3;58;0;59;0;60;0;61;0;62;0;63;0;64;0;65;0;66;1;67;0;68;0;69;1;70;0;71;0;72;1;73;0;74;0;75;0;76;0;77;0;78;1;79;2;80;0;81;0;82;0;83;0;84;1;85;3;86;0;87;0;88;0;89;0;90;2;91;4;92;1;93;0;94;0;95;0;96;0;97;0;98;0;99;0;100;0;101;1;102;0;103;0;104;0;105;0;106;0;107;0;108;0;109;0;110;0;111;1;112;1;113;2;114;0;115;0;116;0;117;0;118;0;119;2;120;0;121;2;122;0;123;0;124;0;125;1;126;0;127;0;128;0;129;0;130;0;131;1;132;0;133;0;134;0;135;0;136;0;137;1;138;0;139;0;140;0;141;1;142;0;143;0;144;0;145;0;146;0;147;3;148;0;149;0;150;0;151;0;152;0;153;3;154;0;155;1;156;1;157;0;158;0;159;1;160;0;161;0;162;0;163;2;164;0;165;1;166;0;167;0;168;0;169;1;170;0;171;0;172;0;173;0;174;0;175;0;176;1;177;0;178;0;179;0;180;0;181;0;182;0;183;0;184;1;185;0;186;0;187;0;188;0;189;0;190;1;191;0;192;0;193;0;194;2;195;0;196;1;197;2;198;0;199;0;200;0;201;0;202;1;203;0;204;2;205;0;206;0;207;0;208;0;209;0;210;0;211;0;212;0;213;1;214;0;215;0;216;0;217;0;218;1;219;1;220;1;221;0;222;0;223;0;224;0;225;1;226;0;227;0;228;0;229;1;230;0;231;0;232;0;233;0;234;0;235;0;236;1;
151_Cyclopes_didactylus.sqlite;10;4510;11;1462;12;458;13;184;14;109;15;50;16;33;17;7;18;4;19;0;20;0;21;2;22;1;23;0;24;0;25;0;26;1;27;0;28;0;29;0;30;0;31;0;32;0;33;0;34;1;35;0;36;0;37;0;38;0;39;0;40;0;41;0;42;0;43;0;44;0;45;0;46;1;47;0;48;0;49;0;50;0;51;0;52;0;53;0;54;0;55;0;56;0;57;0;58;1;59;0;60;0;61;0;62;1;63;0;64;0;65;0;66;0;67;0;68;0;69;0;70;1;
152_Cynomys_leucurus.sqlite;10;4010;11;1165;12;401;13;198;14;82;15;36;16;19;17;10;18;6;19;1;20;0;21;1;22;1;23;1;
153_Cynomys_ludovicianus.sqlite;10;3856;11;1127;12;360;13;180;14;90;15;40;16;23;17;4;18;3;19;0;20;0;21;1;22;2;23;0;24;0;25;0;26;1;
154_Cynopterus_brachyotis.sqlite;10;3641;11;1244;12;338;13;168;14;81;15;45;16;15;17;11;18;1;19;4;20;2;21;1;22;0;23;0;24;0;25;1;26;1;27;0;28;0;29;0;30;0;31;1;32;0;33;0;34;0;35;0;36;0;37;1;38;0;39;0;40;0;41;0;42;0;43;1;44;0;45;0;46;0;47;0;48;0;49;1;50;0;51;0;52;0;53;0;54;0;55;1;56;0;57;0;58;0;59;0;60;0;61;1;62;0;63;0;64;0;65;0;66;0;67;1;68;0;69;0;70;0;71;0;72;0;73;1;74;0;75;0;76;0;77;0;78;0;79;1;80;0;81;0;82;0;83;0;84;0;85;1;86;0;87;0;88;0;89;0;90;0;91;1;92;0;93;0;94;0;95;0;96;0;97;1;98;0;99;0;100;0;101;0;102;0;103;1;104;0;105;0;106;0;107;0;108;0;109;1;110;0;111;0;112;0;113;0;114;0;115;1;116;0;117;0;118;0;119;0;120;0;121;1;122;0;123;0;124;0;125;0;126;0;127;1;128;0;129;0;130;0;131;0;132;0;133;1;134;0;135;0;136;0;137;0;138;0;139;1;140;0;141;0;142;0;143;0;144;0;145;1;146;0;147;0;148;0;149;0;150;0;151;1;152;0;153;0;154;0;155;0;156;0;157;1;158;0;159;0;160;0;161;0;162;0;163;1;164;0;165;0;166;0;167;0;168;0;169;1;170;0;171;0;172;0;173;0;174;0;175;1;176;0;177;0;178;0;179;0;180;0;181;1;182;0;183;0;184;0;185;0;186;0;187;1;188;0;189;0;190;0;191;0;192;0;193;1;194;0;195;0;196;0;197;0;198;0;199;1;200;0;201;0;202;0;203;0;204;0;205;1;206;0;207;0;208;0;209;0;210;0;211;1;212;0;213;0;214;0;215;0;216;0;217;1;218;0;219;0;220;0;221;0;222;0;223;1;224;0;225;0;226;0;227;0;228;0;229;1;230;0;231;0;232;0;233;0;234;0;235;1;236;0;237;0;238;0;239;0;240;0;241;1;242;0;243;0;244;0;245;0;246;0;247;1;248;0;249;0;250;0;251;0;252;0;253;1;254;0;255;0;256;0;257;0;258;0;259;1;260;0;261;0;262;0;263;0;264;0;265;1;
155_Cystophora_cristata.sqlite;10;3872;11;1170;12;357;13;191;14;76;15;35;16;18;17;8;18;16;19;5;20;0;21;3;22;4;23;0;24;3;25;8;26;0;27;0;28;3;29;2;30;0;31;2;32;0;33;0;34;0;35;1;36;0;37;1;38;0;39;0;40;3;41;3;42;1;43;0;44;2;45;6;46;1;47;3;48;0;49;0;50;3;51;1;52;0;53;2;54;0;55;0;56;1;57;1;58;0;59;4;60;0;61;0;62;5;63;0;64;0;65;3;66;0;67;0;68;2;69;4;70;0;71;0;72;3;73;1;74;6;75;0;76;0;77;0;78;3;79;0;80;2;81;2;82;5;83;0;84;0;85;2;86;0;87;2;88;0;89;2;90;0;91;0;92;1;93;0;94;1;95;1;96;0;97;0;98;1;99;1;100;6;101;2;102;0;103;4;104;0;105;0;106;3;107;0;108;1;109;1;110;0;111;0;112;3;113;0;114;1;115;2;116;0;117;0;118;0;119;0;120;0;121;4;122;0;123;0;124;2;125;0;126;0;127;0;128;0;129;1;130;2;131;1;132;2;133;2;134;0;135;0;136;2;137;2;138;0;139;5;140;0;141;0;142;0;143;0;144;0;145;2;146;0;147;0;148;1;149;1;150;0;151;0;152;0;153;0;154;0;155;1;156;0;157;0;158;2;159;0;160;0;161;3;162;0;163;0;164;0;165;0;166;0;167;1;168;0;169;0;170;0;171;0;172;0;173;0;174;0;175;0;176;0;177;0;178;0;179;0;180;0;181;1;182;1;183;0;184;0;185;0;186;1;187;2;188;0;189;0;190;0;191;0;192;1;193;0;194;0;195;0;196;0;197;0;198;0;199;0;200;0;201;0;202;1;203;0;204;0;205;0;206;0;207;0;208;0;209;1;210;2;211;0;212;0;213;0;214;1;215;1;216;0;217;0;218;0;219;0;220;0;221;3;222;0;223;1;224;0;225;0;226;1;227;1;228;1;229;0;230;0;231;1;232;0;233;1;234;0;235;1;236;0;237;0;238;0;239;0;240;0;241;1;242;0;243;0;244;1;245;0;246;0;247;0;248;0;249;0;250;0;251;0;252;0;253;0;254;0;255;2;256;0;257;0;258;1;259;1;260;0;261;0;262;0;263;0;264;1;265;1;266;1;267;0;268;1;269;0;270;1;271;0;272;0;273;0;274;0;275;2;276;0;277;0;278;0;279;0;280;0;281;0;282;1;283;0;284;0;285;0;286;0;287;0;288;1;289;0;290;1;291;0;292;0;293;1;294;0;295;0;296;0;297;0;298;0;299;1;300;0;301;0;302;2;303;0;304;0;305;0;306;0;307;0;308;1;309;0;310;0;311;4;312;0;313;0;314;0;315;0;316;0;317;2;318;0;319;0;320;1;321;0;322;2;323;0;324;0;325;0;326;1;327;2;328;0;329;0;330;0;331;0;332;0;333;0;334;0;335;0;336;0;337;0;338;0;339;0;340;0;341;0;342;0;343;0;344;0;345;1;346;0;347;0;348;0;349;0;350;0;351;1;352;0;353;0;354;0;355;0;356;0;357;1;358;0;359;0;360;0;361;0;362;0;363;0;364;0;365;0;366;0;367;0;368;0;369;0;370;0;371;0;372;1;373;0;374;0;375;0;376;0;377;0;378;0;379;0;380;0;381;0;382;0;383;0;384;0;385;0;386;0;387;0;388;0;389;0;390;0;391;0;392;1;393;0;394;0;395;0;396;0;397;0;398;0;399;0;400;2;401;0;402;0;403;0;404;1;405;0;406;0;407;0;408;0;409;0;410;0;411;0;412;0;413;1;414;0;415;1;416;1;417;2;418;1;419;0;420;0;421;0;422;0;423;1;424;0;425;0;426;0;427;1;428;0;429;0;430;0;431;0;432;1;433;0;434;1;435;0;436;1;437;0;438;0;439;0;440;0;441;0;442;0;443;0;444;0;445;0;446;0;447;0;448;1;449;0;450;0;451;0;452;0;453;0;454;1;455;1;456;0;457;0;458;0;459;1;460;0;461;0;462;0;463;0;464;1;465;0;466;0;467;0;468;0;469;0;470;1;471;0;472;0;473;0;474;1;475;0;476;0;477;0;478;0;479;0;480;0;481;0;482;0;483;0;484;0;485;0;486;1;487;0;488;0;489;0;490;0;491;0;492;1;493;0;494;0;495;0;496;0;497;0;498;0;499;0;500;0;501;1;502;0;503;0;504;0;505;0;506;0;507;0;508;0;509;0;510;0;511;0;512;0;513;0;514;0;515;0;516;0;517;0;518;0;519;0;520;0;521;0;522;0;523;1;
156_Dactylomys_dactylinus.sqlite;10;4900;11;1504;12;454;13;228;14;122;15;70;16;32;17;13;18;3;19;1;20;0;21;0;22;0;23;1;24;1;25;0;26;1;27;0;28;0;29;0;30;0;31;0;32;0;33;1;34;0;35;0;36;0;37;0;38;0;39;0;40;0;41;0;42;0;43;1;44;0;45;0;46;0;47;0;48;0;49;0;50;0;51;0;52;0;53;1;54;0;55;0;56;0;57;0;58;0;59;0;60;0;61;0;62;0;63;1;64;0;65;0;66;0;67;0;68;0;69;1;70;0;71;0;72;0;73;0;74;0;75;0;76;0;77;0;78;0;79;0;80;0;81;0;82;0;83;1;84;0;85;0;86;0;87;0;88;0;89;0;90;0;91;0;92;0;93;1;94;0;95;0;96;0;97;0;98;0;99;0;100;0;101;0;102;0;103;1;104;0;105;0;106;0;107;0;108;0;109;0;110;0;111;0;112;0;113;1;114;0;115;0;116;1;117;0;118;0;119;0;120;0;121;0;122;0;123;0;124;0;125;0;126;0;127;0;128;0;129;0;130;0;131;0;132;0;133;1;134;0;135;0;136;0;137;0;138;0;139;0;140;0;141;0;142;0;143;1;144;0;145;0;146;0;147;0;148;0;149;0;150;0;151;0;152;0;153;1;154;0;155;0;156;0;157;0;158;0;159;0;160;0;161;0;162;0;163;1;164;0;165;0;166;0;167;0;168;0;169;0;170;0;171;0;172;0;173;1;
157_Dactylopsila_trivirgata.sqlite;10;4028;11;1222;12;366;13;158;14;79;15;31;16;29;17;5;18;3;19;2;20;1;21;0;22;0;23;0;24;0;25;0;26;1;27;0;28;0;29;0;30;0;31;1;
158_Dama_dama.sqlite;10;3870;11;1196;12;361;13;179;14;93;15;32;16;21;17;4;18;2;19;1;20;0;21;0;22;0;23;1;
159_Damaliscus_lunatus.sqlite;10;3536;11;1068;12;354;13;154;14;71;15;43;16;10;17;8;18;2;19;2;
15_Anourosorex_squamipes.sqlite;10;5104;11;1499;12;585;13;240;14;158;15;53;16;23;17;15;18;4;19;2;20;0;21;0;22;0;23;0;24;0;25;0;26;1;27;0;28;0;29;0;30;0;31;0;32;0;33;0;34;0;35;0;36;0;37;0;38;0;39;1;40;1;41;0;42;0;43;0;44;0;45;1;46;1;47;0;48;0;49;0;50;0;51;1;52;0;53;0;54;1;55;0;56;0;57;0;58;0;59;0;60;0;61;0;62;0;63;0;64;0;65;0;66;0;67;0;68;0;69;1;70;0;71;0;72;0;73;0;74;0;75;1;76;0;77;0;78;0;79;0;80;0;81;1;82;0;83;0;84;0;85;0;86;0;87;1;88;0;89;0;90;0;91;0;92;0;93;1;94;0;95;0;96;0;97;0;98;0;99;1;100;0;101;0;102;0;103;0;104;0;105;1;106;0;107;0;108;0;109;0;110;0;111;1;112;0;113;0;114;0;115;0;116;0;117;1;118;0;119;0;120;0;121;0;122;0;123;1;124;0;125;0;126;0;127;0;128;0;129;1;130;1;131;0;132;0;133;0;134;0;135;1;136;0;137;0;138;0;139;0;140;0;141;1;142;0;143;0;144;0;145;0;146;0;147;1;148;0;149;0;150;0;151;0;152;0;153;1;154;0;155;0;156;0;157;0;158;0;159;1;160;0;161;0;162;0;163;0;164;0;165;1;166;0;167;0;168;0;169;0;170;1;171;0;172;0;173;1;174;0;175;0;176;0;177;0;178;0;179;0;180;0;181;0;182;0;183;1;184;0;185;0;186;0;187;0;188;0;189;1;190;0;191;0;192;0;193;0;194;0;195;1;196;0;197;0;198;0;199;0;200;1;201;0;202;0;203;0;204;0;205;0;206;0;207;1;208;1;209;0;210;0;211;0;212;0;213;0;214;0;215;0;216;1;217;0;218;0;219;0;220;0;221;0;222;0;223;0;224;0;225;0;226;0;227;0;228;0;229;0;230;0;231;0;232;0;233;0;234;0;235;0;236;0;237;0;238;0;239;0;240;0;241;0;242;0;243;0;244;0;245;0;246;0;247;0;248;0;249;0;250;0;251;0;252;0;253;0;254;0;255;0;256;0;257;0;258;0;259;0;260;0;261;0;262;0;263;0;264;0;265;0;266;0;267;0;268;0;269;0;270;0;271;0;272;0;273;0;274;0;275;0;276;0;277;0;278;0;279;0;280;0;281;0;282;0;283;0;284;0;285;0;286;0;287;0;288;0;289;0;290;0;291;0;292;0;293;0;294;0;295;0;296;0;297;0;298;0;299;0;300;0;301;0;302;1;
160_Damaliscus_pygargus.sqlite;10;3412;11;1053;12;334;13;150;14;65;15;24;16;18;17;7;18;2;19;1;20;1;21;0;22;2;
161_Dama_mesopotamica.sqlite;10;4125;11;1230;12;372;13;201;14;93;15;34;16;15;17;11;18;8;19;1;20;0;21;1;22;0;23;1;24;0;25;0;26;1;
162_Dasypus_hybridus.sqlite;10;4774;11;1463;12;475;13;236;14;115;15;50;16;27;17;8;18;11;19;4;20;0;21;1;22;1;23;0;24;3;25;0;26;0;27;0;28;1;29;0;30;1;31;1;32;1;33;0;34;0;35;0;36;1;37;0;38;0;39;0;40;0;41;0;42;1;43;0;44;0;45;1;46;0;47;0;48;1;49;0;50;0;51;2;52;0;53;1;54;1;55;0;56;0;57;0;58;0;59;0;60;1;61;0;62;0;63;0;64;0;65;0;66;1;67;0;68;0;69;1;70;0;71;1;72;1;73;1;74;0;75;0;76;0;77;1;78;1;79;0;80;0;81;0;82;0;83;0;84;1;85;0;86;0;87;0;88;0;89;0;90;1;91;0;92;0;93;0;94;0;95;0;96;1;97;0;98;0;99;0;100;0;101;0;102;1;103;0;104;0;105;0;106;0;107;0;108;1;109;0;110;0;111;0;112;0;113;0;114;0;115;0;116;0;117;0;118;0;119;0;120;0;121;0;122;0;123;0;124;0;125;0;126;0;127;0;128;0;129;0;130;0;131;0;132;0;133;0;134;0;135;0;136;0;137;0;138;0;139;0;140;0;141;0;142;0;143;0;144;0;145;0;146;0;147;0;148;0;149;0;150;0;151;0;152;0;153;0;154;0;155;0;156;0;157;0;158;0;159;0;160;0;161;0;162;0;163;0;164;0;165;0;166;0;167;0;168;0;169;0;170;0;171;0;172;0;173;0;174;0;175;0;176;0;177;0;178;0;179;0;180;0;181;0;182;0;183;0;184;0;185;0;186;0;187;0;188;1;
163_Dasypus_kappleri.sqlite;10;4628;11;1463;12;446;13;265;14;129;15;55;16;31;17;14;18;9;19;1;20;0;21;2;22;1;23;0;24;0;25;0;26;0;27;0;28;0;29;0;30;0;31;0;32;0;33;1;34;0;35;1;36;0;37;0;38;0;39;1;40;0;41;0;42;0;43;0;44;0;45;1;46;0;47;0;48;0;49;0;50;0;51;1;52;0;53;0;54;0;55;0;56;0;57;1;58;0;59;0;60;0;61;0;62;0;63;1;64;0;65;0;66;0;67;0;68;0;69;0;70;0;71;0;72;1;73;0;74;0;75;1;76;1;77;0;78;0;79;0;80;0;81;0;82;0;83;0;84;0;85;0;86;0;87;0;88;0;89;1;90;0;91;0;92;0;93;1;94;0;95;0;96;0;97;0;98;0;99;1;
164_Dasypus_novemcinctus.sqlite;10;4684;11;1495;12;447;13;238;14;119;15;71;16;33;17;14;18;3;19;1;20;0;21;3;22;1;23;0;24;1;25;2;26;0;27;0;28;1;29;0;30;1;31;1;32;0;33;0;34;0;35;0;36;1;37;0;38;0;39;0;40;0;41;0;42;1;43;0;44;0;45;0;46;0;47;0;48;1;49;0;50;0;51;0;52;0;53;0;54;1;55;0;56;0;57;0;58;0;59;0;60;1;61;0;62;0;63;0;64;0;65;0;66;1;67;0;68;0;69;0;70;0;71;0;72;1;73;1;74;0;75;0;76;0;77;0;78;1;79;0;80;0;81;0;82;0;83;1;84;1;85;0;86;0;87;0;88;0;89;0;90;1;91;0;92;0;93;0;94;0;95;0;96;1;97;0;98;0;99;0;100;0;101;0;102;1;103;0;104;0;105;0;106;0;107;0;108;2;109;0;110;0;111;0;112;0;113;0;114;1;115;1;116;0;117;0;118;0;119;0;120;1;121;1;122;0;123;0;124;0;125;0;126;1;127;2;128;0;129;1;130;0;131;0;132;0;133;0;134;0;135;0;136;0;137;0;138;0;139;0;140;0;141;0;142;0;143;1;144;0;145;0;146;1;147;0;148;0;149;0;150;0;151;0;152;0;153;0;154;0;155;0;156;0;157;0;158;0;159;0;160;0;161;1;162;0;163;0;164;0;165;0;166;0;167;0;168;0;169;0;170;0;171;0;172;0;173;0;174;0;175;0;176;0;177;0;178;0;179;0;180;0;181;0;182;0;183;0;184;0;185;0;186;0;187;0;188;1;189;0;190;0;191;0;192;0;193;0;194;0;195;0;196;0;197;0;198;0;199;0;200;0;201;1;202;0;203;0;204;0;205;0;206;0;207;0;208;0;209;0;210;0;211;0;212;0;213;0;214;0;215;0;216;0;217;0;218;0;219;0;220;0;221;0;222;0;223;0;224;0;225;0;226;0;227;1;228;0;229;0;230;0;231;0;232;0;233;1;
165_Dasypus_pilosus.sqlite;10;4691;11;1549;12;466;13;193;14;104;15;47;16;25;17;10;18;4;19;3;20;3;21;0;22;1;23;1;24;1;25;1;26;0;27;0;28;0;29;1;30;1;31;1;32;0;33;0;34;0;35;0;36;1;37;1;38;0;39;0;40;0;41;0;42;1;43;0;44;0;45;0;46;0;47;1;48;1;49;0;50;1;51;1;52;1;53;0;54;1;55;1;56;0;57;1;58;0;59;0;60;1;61;0;62;0;63;0;64;0;65;0;66;1;67;0;68;1;69;0;70;0;71;0;72;1;73;0;74;0;75;1;76;0;77;0;78;1;79;0;80;0;81;0;82;0;83;0;84;1;85;0;86;0;87;0;88;0;89;0;90;1;91;0;92;0;93;0;94;0;95;0;96;1;97;0;98;0;99;0;100;0;101;0;102;1;103;0;104;0;105;0;106;0;107;0;108;0;109;2;110;0;111;0;112;0;113;0;114;0;115;0;116;0;117;0;118;0;119;0;120;0;121;0;122;0;123;0;124;1;125;1;126;0;127;0;128;0;129;0;130;0;131;0;132;1;133;0;134;0;135;1;136;0;137;0;138;0;139;0;140;0;141;0;142;1;143;0;144;0;145;0;146;0;147;0;148;0;149;0;150;0;151;0;152;0;153;0;154;0;155;0;156;0;157;0;158;0;159;0;160;0;161;0;162;0;163;0;164;0;165;0;166;0;167;0;168;0;169;0;170;0;171;0;172;0;173;0;174;0;175;0;176;0;177;0;178;0;179;0;180;0;181;1;
166_Dasypus_sabanicola.sqlite;10;4616;11;1462;12;443;13;209;14;134;15;60;16;26;17;13;18;6;19;2;20;1;21;0;22;0;23;0;24;2;25;1;26;0;27;0;28;1;29;1;30;1;31;0;32;0;33;0;34;0;35;0;36;1;37;0;38;0;39;0;40;0;41;0;42;1;43;0;44;0;45;0;46;0;47;0;48;1;49;0;50;0;51;0;52;0;53;1;54;1;55;0;56;0;57;0;58;0;59;0;60;1;61;0;62;0;63;1;64;0;65;0;66;1;67;0;68;1;69;0;70;0;71;0;72;1;73;0;74;0;75;0;76;0;77;0;78;1;79;0;80;0;81;0;82;0;83;0;84;1;85;0;86;0;87;0;88;0;89;0;90;1;91;0;92;0;93;0;94;0;95;0;96;1;97;0;98;0;99;0;100;1;101;0;102;1;103;0;104;0;105;0;106;0;107;0;108;1;109;2;110;0;111;0;112;0;113;0;114;1;115;0;116;0;117;0;118;0;119;0;120;1;121;1;122;0;123;0;124;0;125;0;126;2;127;0;128;0;129;0;130;0;131;0;132;0;133;0;134;0;135;0;136;0;137;0;138;0;139;0;140;0;141;0;142;0;143;0;144;0;145;0;146;0;147;0;148;0;149;0;150;1;151;0;152;0;153;0;154;0;155;0;156;0;157;0;158;0;159;0;160;0;161;0;162;1;
167_Dasypus_septemcinctus.sqlite;10;4498;11;1391;12;443;13;221;14;100;15;47;16;27;17;5;18;7;19;0;20;0;21;1;22;0;23;0;24;3;25;0;26;0;27;0;28;1;29;0;30;1;31;1;32;0;33;0;34;0;35;0;36;1;37;0;38;1;39;0;40;0;41;0;42;1;43;0;44;0;45;0;46;0;47;0;48;1;49;0;50;0;51;0;52;0;53;0;54;1;55;0;56;0;57;0;58;0;59;0;60;1;61;0;62;0;63;0;64;0;65;0;66;1;67;0;68;0;69;0;70;0;71;0;72;1;73;0;74;0;75;0;76;0;77;0;78;1;79;0;80;0;81;0;82;0;83;0;84;1;85;0;86;0;87;0;88;0;89;0;90;0;91;0;92;0;93;0;94;0;95;0;96;0;97;0;98;0;99;0;100;0;101;0;102;0;103;0;104;0;105;0;106;0;107;0;108;1;
168_Dasypus_yepesi.sqlite;10;4576;11;1499;12;435;13;219;14;123;15;60;16;25;17;12;18;5;19;3;20;1;21;0;22;0;23;1;24;1;25;1;26;1;27;1;28;0;29;0;30;0;31;4;32;0;33;0;34;0;35;0;36;0;37;1;38;0;39;0;40;0;41;0;42;0;43;1;44;0;45;0;46;0;47;0;48;0;49;0;50;0;51;0;52;0;53;0;54;0;55;0;56;0;57;0;58;0;59;0;60;0;61;0;62;0;63;1;64;0;65;0;66;0;67;0;68;0;69;0;70;1;71;0;72;0;73;1;74;0;75;0;76;0;77;0;78;0;79;0;80;0;81;1;82;0;83;1;84;0;85;0;86;0;87;0;88;0;89;0;90;0;91;0;92;0;93;0;94;0;95;0;96;0;97;0;98;0;99;1;100;0;101;0;102;0;103;1;104;0;105;0;106;0;107;0;108;0;109;0;110;0;111;0;112;0;113;0;114;0;115;0;116;0;117;0;118;0;119;0;120;0;121;0;122;0;123;0;124;0;125;0;126;1;127;0;128;0;129;0;130;0;131;0;132;0;133;0;134;0;135;0;136;0;137;0;138;0;139;1;140;0;141;0;142;0;143;0;144;0;145;0;146;0;147;0;148;0;149;0;150;0;151;0;152;0;153;0;154;0;155;0;156;0;157;0;158;0;159;0;160;0;161;0;162;0;163;0;164;0;165;0;166;0;167;0;168;0;169;0;170;0;171;0;172;0;173;0;174;0;175;0;176;0;177;0;178;0;179;0;180;0;181;0;182;0;183;0;184;0;185;0;186;0;187;0;188;0;189;0;190;0;191;0;192;0;193;0;194;0;195;0;196;0;197;0;198;0;199;1;
169_Dasyurus_hallucatus.sqlite;10;4616;11;1405;12;407;13;205;14;102;15;51;16;22;17;14;18;6;19;1;20;2;21;1;22;1;23;1;24;0;25;3;26;1;27;1;28;0;29;2;30;0;31;0;32;0;33;1;34;1;35;1;36;1;37;3;38;1;39;2;40;0;41;2;42;0;43;1;44;0;45;0;46;0;47;2;48;0;49;0;50;1;51;0;52;0;53;0;54;0;55;1;56;1;57;0;58;0;59;0;60;0;61;1;62;0;63;0;64;0;65;1;66;0;67;1;68;0;69;2;70;1;71;0;72;0;73;0;74;2;75;0;76;0;77;1;78;0;79;1;80;0;81;0;82;1;83;1;84;0;85;1;86;0;87;1;88;0;89;0;90;0;91;1;92;2;93;0;94;1;95;0;96;0;97;0;98;0;99;0;100;0;101;1;102;0;103;1;104;0;105;3;106;0;107;0;108;0;109;2;110;0;111;0;112;0;113;1;114;0;115;2;116;0;117;1;118;0;119;1;120;0;121;0;122;0;123;0;124;1;125;1;126;0;127;0;128;0;129;0;130;0;131;0;132;0;133;0;134;1;135;2;136;0;137;0;138;0;139;1;140;1;141;0;142;2;143;1;144;0;145;1;
16_Antidorcas_marsupialis.sqlite;10;4025;11;1311;12;388;13;199;14;93;15;46;16;17;17;8;18;9;19;1;20;0;21;0;22;0;23;1;
170_Daubentonia_madagascariensis.sqlite;10;3972;11;1297;12;414;13;173;14;101;15;43;16;20;17;13;18;3;19;1;20;1;21;0;22;1;23;0;24;0;25;0;26;1;27;0;28;0;29;0;30;0;31;0;32;0;33;0;34;0;35;0;36;0;37;1;38;0;39;0;40;0;41;0;42;0;43;0;44;0;45;0;46;0;47;0;48;1;49;0;50;0;51;0;52;0;53;0;54;0;55;0;56;0;57;0;58;0;59;1;60;0;61;0;62;0;63;0;64;0;65;0;66;0;67;0;68;0;69;0;70;1;71;0;72;0;73;0;74;0;75;0;76;0;77;0;78;0;79;0;80;0;81;1;82;0;83;0;84;0;85;0;86;0;87;0;88;0;89;0;90;0;91;0;92;1;93;0;94;0;95;0;96;0;97;0;98;0;99;0;100;0;101;0;102;0;103;1;104;0;105;0;106;0;107;0;108;0;109;0;110;0;111;0;112;0;113;0;114;1;115;0;116;0;117;0;118;0;119;0;120;0;121;0;122;0;123;0;124;0;125;1;126;0;127;0;128;0;129;0;130;0;131;0;132;0;133;0;134;0;135;0;136;1;137;0;138;0;139;0;140;0;141;0;142;0;143;0;144;0;145;0;146;0;147;1;148;0;149;0;150;0;151;0;152;0;153;0;154;0;155;0;156;0;157;0;158;1;159;0;160;0;161;0;162;0;163;0;164;0;165;0;166;0;167;0;168;0;169;1;170;0;171;0;172;0;173;0;174;0;175;0;176;0;177;0;178;0;179;0;180;1;181;0;182;0;183;0;184;0;185;0;186;0;187;0;188;0;189;0;190;0;191;1;192;0;193;0;194;0;195;0;196;0;197;0;198;0;199;0;200;0;201;0;202;1;203;0;204;0;205;0;206;0;207;0;208;0;209;0;210;0;211;0;212;0;213;1;214;0;215;0;216;0;217;0;218;0;219;0;220;0;221;0;222;0;223;0;224;1;225;0;226;0;227;0;228;0;229;0;230;0;231;0;232;0;233;0;234;0;235;1;236;0;237;0;238;0;239;0;240;0;241;0;242;0;243;0;244;0;245;0;246;1;
171_Delphinus_capensis.sqlite;10;4079;11;1237;12;345;13;195;14;91;15;45;16;20;17;5;18;2;19;1;20;1;21;0;22;0;23;0;24;1;25;1;26;0;27;1;
172_Dendrohyrax_dorsalis.sqlite;10;4425;11;1437;12;415;13;199;14;101;15;54;16;28;17;8;18;5;19;0;20;1;21;0;22;1;23;0;24;2;25;1;26;0;27;0;28;1;29;1;30;0;31;0;32;0;33;0;34;0;35;1;36;0;37;0;38;0;39;0;40;0;41;1;42;0;43;0;44;0;45;0;46;0;47;1;48;0;49;0;50;0;51;0;52;0;53;1;54;0;55;0;56;0;57;0;58;0;59;1;60;0;61;0;62;0;63;0;64;0;65;1;66;0;67;0;68;0;69;0;70;0;71;1;72;0;73;0;74;0;75;0;76;0;77;1;78;0;79;0;80;0;81;0;82;0;83;1;84;0;85;0;86;0;87;0;88;0;89;1;90;0;91;0;92;0;93;0;94;0;95;1;96;0;97;0;98;0;99;0;100;0;101;1;102;0;103;0;104;0;105;0;106;0;107;1;108;0;109;0;110;0;111;0;112;0;113;1;114;0;115;0;116;0;117;0;118;0;119;1;120;0;121;0;122;0;123;0;124;0;125;1;126;0;127;0;128;0;129;0;130;0;131;1;132;0;133;0;134;0;135;0;136;0;137;1;138;0;139;0;140;0;141;0;142;0;143;1;144;0;145;0;146;0;147;0;148;0;149;1;150;0;151;0;152;0;153;0;154;0;155;1;156;0;157;0;158;0;159;0;160;0;161;1;162;0;163;0;164;0;165;0;166;0;167;1;168;0;169;0;170;0;171;0;172;0;173;1;174;0;175;0;176;0;177;0;178;0;179;1;180;0;181;0;182;0;183;0;184;0;185;1;186;0;187;0;188;0;189;0;190;0;191;1;192;0;193;0;194;0;195;0;196;0;197;1;198;0;199;0;200;0;201;0;202;0;203;1;204;0;205;0;206;0;207;0;208;0;209;1;210;0;211;0;212;0;213;0;214;0;215;1;
173_Desmodus_rotundus.sqlite;10;3875;11;1238;12;442;13;207;14;90;15;57;16;22;17;7;18;2;19;3;20;1;21;0;22;0;23;0;24;0;25;1;26;0;27;0;28;0;29;0;30;0;31;0;32;0;33;1;34;0;35;3;36;2;37;0;38;0;39;0;40;0;41;1;42;0;43;0;44;1;45;0;46;0;47;0;48;0;49;1;50;0;51;0;52;0;53;0;54;0;55;0;56;0;57;0;58;0;59;0;60;1;61;0;62;0;63;0;64;0;65;0;66;1;67;0;68;0;69;0;70;0;71;0;72;0;73;0;74;0;75;0;76;0;77;0;78;0;79;0;80;1;81;0;82;0;83;0;84;0;85;0;86;0;87;0;88;1;89;0;90;0;91;0;92;0;93;0;94;0;95;0;96;0;97;0;98;0;99;0;100;0;101;0;102;1;103;0;104;0;105;0;106;0;107;0;108;0;109;0;110;0;111;0;112;0;113;0;114;0;115;0;116;0;117;0;118;0;119;0;120;0;121;0;122;0;123;0;124;1;
174_Dicerorhinus_sumatrensis.sqlite;10;4033;11;1281;12;410;13;199;14;103;15;39;16;21;17;13;18;6;19;4;20;2;21;0;22;0;23;1;24;0;25;0;26;1;
175_Diceros_bicornis.sqlite;10;4262;11;1243;12;405;13;173;14;105;15;54;16;18;17;7;18;2;19;1;
17_Antilocapra_americana.sqlite;10;4123;11;1321;12;419;13;201;14;87;15;34;16;25;17;5;18;3;19;1;20;0;21;1;22;2;23;0;24;1;
18_Antilope_cervicapra.sqlite;10;3849;11;1232;12;356;13;173;14;86;15;33;16;18;17;11;18;3;19;3;20;0;21;0;22;2;23;0;24;0;25;0;26;0;27;0;28;0;29;0;30;1;
19_Aotus_lemurinus.sqlite;10;4207;11;1222;12;360;13;189;14;107;15;43;16;16;17;7;18;3;19;1;20;0;21;0;22;0;23;0;24;0;25;0;26;2;
1_Acinonyx_jubatus.sqlite;10;3983;11;1252;12;352;13;155;14;81;15;38;16;12;17;4;18;1;19;1;20;0;21;0;22;1;23;1;24;1;25;0;26;1;27;0;28;0;29;0;30;0;31;0;32;1;33;0;34;0;35;0;36;0;37;0;38;1;39;0;40;0;41;1;42;0;43;0;44;1;45;0;46;0;47;1;48;0;49;0;50;1;51;0;52;0;53;1;54;0;55;0;56;1;57;0;58;0;59;1;60;0;61;0;62;1;63;0;64;0;65;1;66;0;67;0;68;1;69;0;70;0;71;1;72;0;73;0;74;1;75;0;76;0;77;1;78;0;79;0;80;1;81;0;82;0;83;1;84;0;85;0;86;1;87;0;88;0;89;1;90;0;91;0;92;1;93;0;94;0;95;1;96;0;97;0;98;1;99;0;100;0;101;1;102;0;103;0;104;1;105;0;106;0;107;1;108;0;109;0;110;1;111;0;112;0;113;1;114;0;115;0;116;0;117;0;118;0;119;1;120;0;121;1;122;0;123;0;124;0;125;1;126;0;127;0;128;0;129;0;130;0;131;1;132;0;133;0;134;0;135;0;136;0;137;1;138;0;139;0;140;0;141;0;142;0;143;1;144;0;145;0;146;0;147;0;148;0;149;1;150;0;151;0;152;0;153;0;154;0;155;1;156;0;157;0;158;0;159;0;160;0;161;1;162;0;163;0;164;0;165;0;166;0;167;1;168;0;169;0;170;0;171;0;172;0;173;1;174;0;175;0;176;0;177;0;178;0;179;1;180;0;181;0;182;0;183;0;184;0;185;1;186;0;187;0;188;0;189;0;190;0;191;1;192;0;193;0;194;0;195;0;196;0;197;1;198;0;199;0;200;0;201;1;202;0;203;1;204;0;205;0;206;0;207;0;208;0;209;1;210;0;211;0;212;0;213;0;214;0;215;1;216;0;217;0;218;0;219;0;220;0;221;1;222;0;223;0;224;0;225;0;226;0;227;1;228;0;229;0;230;0;231;0;232;0;233;1;234;0;235;0;236;0;237;0;238;0;239;1;240;0;241;0;242;0;243;0;244;0;245;1;246;0;247;0;248;0;249;0;250;0;251;1;252;0;253;0;254;0;255;0;256;0;257;1;258;0;259;0;260;0;261;0;262;0;263;1;264;0;265;0;266;0;267;0;268;0;269;1;270;0;271;0;272;0;273;0;274;0;275;1;276;0;277;0;278;0;279;0;280;0;281;1;282;0;283;0;284;0;285;0;286;0;287;2;288;0;289;0;290;0;291;0;292;0;293;2;294;0;295;0;296;0;297;0;298;0;299;1;300;0;301;0;302;0;303;0;304;0;305;0;306;0;307;1;
20_Aotus_nancymaae.sqlite;10;4251;11;1262;12;395;13;181;14;85;15;52;16;25;17;11;18;5;19;0;20;0;21;0;22;1;23;0;24;1;25;0;26;1;
21_Apodemus_agrarius.sqlite;10;4423;11;1360;12;430;13;215;14;101;15;53;16;16;17;9;18;3;19;3;20;0;21;1;22;1;
22_Apodemus_chevrieri.sqlite;10;4221;11;1327;12;418;13;190;14;111;15;43;16;14;17;7;18;3;19;2;20;1;21;1;22;0;23;0;24;0;25;0;26;0;27;0;28;0;29;0;30;0;31;0;32;0;33;0;34;0;35;0;36;0;37;0;38;0;39;1;
23_Apodemus_draco.sqlite;10;4596;11;1486;12;445;13;229;14;115;15;55;16;27;17;11;18;1;19;2;20;1;21;1;22;1;23;1;24;0;25;0;26;0;27;0;28;0;29;0;30;0;31;0;32;0;33;0;34;0;35;0;36;0;37;0;38;1;
24_Apodemus_latronum.sqlite;10;4886;11;1485;12;451;13;246;14;112;15;48;16;29;17;10;18;4;19;0;20;1;21;0;22;1;23;0;24;0;25;0;26;0;27;0;28;1;29;0;30;0;31;0;32;0;33;0;34;0;35;0;36;0;37;0;38;1;
25_Apodemus_peninsulae.sqlite;10;4922;11;1541;12;476;13;243;14;146;15;51;16;23;17;10;18;1;19;1;20;1;21;1;22;1;23;0;24;1;
26_Arctocephalus_forsteri.sqlite;10;3401;11;979;12;292;13;150;14;68;15;36;16;13;17;6;18;4;19;1;
27_Arctocephalus_pusillus.sqlite;10;3807;11;1193;12;349;13;144;14;100;15;47;16;11;17;5;18;1;19;1;20;0;21;1;22;2;23;0;24;0;25;1;26;0;27;0;28;0;29;0;30;0;31;0;32;0;33;0;34;0;35;0;36;1;37;0;38;0;39;0;40;0;41;0;42;0;43;0;44;0;45;0;46;0;47;0;48;0;49;0;50;1;51;0;52;0;53;0;54;0;55;0;56;0;57;0;58;0;59;0;60;0;61;0;62;0;63;0;64;1;65;0;66;0;67;0;68;0;69;0;70;0;71;0;72;0;73;0;74;0;75;0;76;0;77;0;78;1;79;0;80;0;81;0;82;0;83;0;84;0;85;0;86;0;87;0;88;0;89;0;90;0;91;0;92;1;93;0;94;0;95;0;96;0;97;0;98;0;99;0;100;0;101;0;102;0;103;0;104;0;105;0;106;1;107;0;108;0;109;0;110;0;111;0;112;0;113;0;114;0;115;0;116;0;117;0;118;0;119;0;120;1;121;0;122;0;123;0;124;0;125;0;126;0;127;0;128;0;129;0;130;0;131;0;132;0;133;0;134;1;135;0;136;0;137;0;138;0;139;0;140;0;141;0;142;0;143;0;144;0;145;0;146;0;147;0;148;1;149;0;150;0;151;0;152;0;153;0;154;0;155;0;156;0;157;0;158;0;159;0;160;0;161;0;162;1;163;0;164;0;165;0;166;0;167;0;168;0;169;0;170;0;171;0;172;0;173;0;174;0;175;0;176;1;177;0;178;0;179;0;180;0;181;0;182;0;183;0;184;0;185;0;186;0;187;0;188;0;189;0;190;1;191;0;192;0;193;0;194;0;195;0;196;0;197;0;198;0;199;0;200;0;201;0;202;0;203;0;204;1;205;0;206;0;207;0;208;0;209;0;210;0;211;0;212;0;213;0;214;0;215;0;216;0;217;0;218;1;219;0;220;0;221;0;222;0;223;0;224;0;225;0;226;0;227;0;228;0;229;0;230;0;231;0;232;1;233;0;234;0;235;0;236;0;237;0;238;0;239;0;240;0;241;0;242;0;243;0;244;0;245;0;246;1;
28_Arctocephalus_townsendi.sqlite;10;3641;11;1092;12;355;13;148;14;77;15;36;16;12;17;8;18;3;19;2;20;1;21;0;22;1;23;0;24;0;25;0;26;0;27;0;28;1;29;0;30;0;31;0;32;0;33;0;34;0;35;0;36;1;37;0;38;0;39;0;40;0;41;0;42;0;43;0;44;1;45;0;46;0;47;0;48;0;49;0;50;0;51;0;52;1;53;0;54;0;55;0;56;0;57;0;58;0;59;0;60;1;61;0;62;0;63;0;64;0;65;0;66;0;67;0;68;1;69;0;70;0;71;0;72;0;73;0;74;0;75;0;76;1;77;0;78;0;79;0;80;0;81;0;82;0;83;0;84;1;85;0;86;0;87;0;88;0;89;0;90;0;91;0;92;1;93;0;94;0;95;0;96;0;97;0;98;0;99;0;100;1;101;0;102;0;103;0;104;0;105;0;106;0;107;0;108;1;109;0;110;0;111;0;112;0;113;0;114;0;115;0;116;1;117;0;118;0;119;0;120;0;121;0;122;0;123;0;124;1;125;0;126;0;127;0;128;0;129;0;130;0;131;0;132;1;133;0;134;0;135;0;136;0;137;0;138;0;139;0;140;1;141;0;142;0;143;0;144;0;145;0;146;0;147;0;148;1;
29_Arctonyx_collaris.sqlite;10;3903;11;1240;12;342;13;166;14;90;15;42;16;16;17;10;18;2;19;8;20;1;21;1;22;0;23;2;24;0;25;1;26;0;27;1;28;0;29;0;30;0;31;1;32;0;33;6;34;0;35;0;36;0;37;0;38;0;39;4;40;0;41;0;42;0;43;2;44;0;45;4;46;0;47;0;48;0;49;4;50;0;51;4;52;0;53;3;54;0;55;4;56;0;57;3;58;0;59;5;60;0;61;2;62;0;63;1;64;0;65;1;66;0;67;0;68;0;69;3;70;0;71;3;72;0;73;3;74;0;75;1;76;0;77;0;78;0;79;1;80;0;81;1;82;0;83;2;84;0;85;1;86;0;87;0;88;0;89;1;90;0;91;3;92;0;93;2;94;0;95;1;96;0;97;1;98;0;99;2;100;0;101;2;102;0;103;1;104;0;105;3;106;0;107;0;108;0;109;1;110;0;111;3;112;0;113;2;114;0;115;1;116;0;117;1;118;0;119;0;120;0;121;0;122;0;123;2;124;0;125;2;126;0;127;0;128;0;129;1;130;0;131;1;132;0;133;1;134;0;135;0;136;0;137;0;138;0;139;1;140;0;141;2;142;0;143;3;144;0;145;3;146;0;147;0;148;0;149;1;150;0;151;1;152;0;153;0;154;0;155;0;156;0;157;1;158;0;159;0;160;0;161;0;162;0;163;1;164;0;165;0;166;0;167;1;168;0;169;2;170;0;171;1;172;0;173;0;174;0;175;0;176;0;177;3;178;0;179;0;180;0;181;1;182;0;183;0;184;0;185;0;186;0;187;0;188;0;189;0;190;0;191;1;192;0;193;0;194;0;195;0;196;0;197;2;
2_Acomys_cahirinus.sqlite;10;4281;11;1370;12;383;13;192;14;102;15;57;16;20;17;17;18;5;19;2;
30_Artibeus_jamaicensis.sqlite;10;4123;11;1278;12;376;13;192;14;76;15;46;16;18;17;11;18;2;19;2;20;1;21;0;22;2;23;0;24;0;25;1;26;1;27;0;28;0;29;0;30;0;31;0;32;0;33;0;34;0;35;0;36;0;37;0;38;1;39;0;40;0;41;0;42;0;43;0;44;0;45;0;46;0;47;0;48;0;49;0;50;0;51;0;52;0;53;0;54;1;55;0;56;0;57;0;58;0;59;0;60;0;61;0;62;0;63;0;64;0;65;0;66;0;67;0;68;1;69;0;70;0;71;0;72;0;73;0;74;0;75;0;76;0;77;0;78;0;79;0;80;1;81;0;82;0;83;0;84;0;85;0;86;1;87;0;88;0;89;0;90;0;91;0;92;0;93;0;94;1;95;0;96;0;97;0;98;0;99;0;100;0;101;0;102;0;103;0;104;0;105;0;106;0;107;0;108;1;109;0;110;0;111;0;112;0;113;0;114;0;115;0;116;0;117;0;118;0;119;0;120;0;121;0;122;1;123;0;124;0;125;0;126;0;127;0;128;0;129;0;130;0;131;0;132;0;133;0;134;0;135;0;136;1;137;0;138;0;139;0;140;0;141;0;142;0;143;0;144;0;145;0;146;0;147;0;148;0;149;0;150;1;
31_Artibeus_lituratus.sqlite;10;4162;11;1195;12;390;13;176;14;93;15;43;16;21;17;17;18;7;19;0;20;0;21;0;22;0;23;0;24;0;25;2;26;0;27;1;28;0;29;1;30;0;31;0;32;0;33;0;34;0;35;0;36;0;37;0;38;0;39;0;40;0;41;0;42;0;43;1;44;0;45;0;46;0;47;0;48;0;49;0;50;0;51;0;52;0;53;0;54;0;55;0;56;0;57;1;58;0;59;0;60;0;61;0;62;0;63;0;64;0;65;0;66;0;67;0;68;0;69;0;70;0;71;1;72;0;73;0;74;0;75;0;76;0;77;0;78;0;79;0;80;0;81;0;82;0;83;0;84;0;85;1;86;0;87;0;88;0;89;0;90;0;91;0;92;0;93;0;94;0;95;0;96;0;97;0;98;0;99;0;100;0;101;1;102;0;103;0;104;0;105;0;106;0;107;0;108;0;109;0;110;0;111;0;112;0;113;1;114;0;115;0;116;0;117;0;118;0;119;0;120;0;121;0;122;0;123;0;124;0;125;0;126;0;127;1;128;0;129;0;130;0;131;0;132;0;133;0;134;0;135;0;136;0;137;0;138;0;139;0;140;0;141;0;142;0;143;1;144;0;145;0;146;0;147;0;148;0;149;0;150;0;151;0;152;0;153;0;154;0;155;0;156;0;157;1;158;0;159;0;160;0;161;0;162;0;163;0;164;0;165;0;166;0;167;0;168;0;169;0;170;0;171;1;172;0;173;0;174;0;175;0;176;0;177;0;178;0;179;0;180;0;181;0;182;0;183;0;184;0;185;1;
32_Ateles_belzebuth.sqlite;10;4186;11;1297;12;369;13;198;14;102;15;49;16;23;17;6;18;7;19;1;20;0;21;0;22;0;23;0;24;0;25;0;26;1;
33_Avahi_laniger.sqlite;10;3429;11;1004;12;288;13;142;14;69;15;30;16;18;17;5;18;4;19;1;20;0;21;0;22;0;23;0;24;1;25;1;
34_Axis_axis.sqlite;10;4005;11;1185;12;389;13;187;14;108;15;42;16;29;17;4;18;4;19;2;
35_Axis_porcinus.sqlite;10;3966;11;1276;12;366;13;180;14;103;15;62;16;25;17;7;18;3;19;3;20;0;21;1;22;0;23;0;24;1;
36_Balaena_mysticetus.sqlite;10;3936;11;1327;12;411;13;199;14;98;15;40;16;18;17;5;18;3;19;2;20;1;21;1;22;1;23;1;24;1;
37_Balaenoptera_acutorostrata.sqlite;10;4047;11;1284;12;337;13;182;14;103;15;41;16;19;17;9;18;6;19;1;20;0;21;0;22;0;23;1;
38_Balaenoptera_bonaerensis.sqlite;10;4130;11;1276;12;362;13;210;14;86;15;32;16;24;17;9;18;7;19;2;20;1;
39_Balaenoptera_borealis.sqlite;10;4056;11;1324;12;377;13;181;14;102;15;56;16;21;17;8;18;4;19;1;20;1;21;0;22;0;23;0;24;0;25;1;26;1;27;1;
3_Addax_nasomaculatus.sqlite;10;4028;11;1219;12;400;13;174;14;107;15;33;16;15;17;6;18;3;19;2;20;0;21;0;22;1;23;1;24;0;25;0;26;0;27;0;28;0;29;0;30;0;31;0;32;0;33;0;34;0;35;0;36;0;37;0;38;1;39;0;40;0;41;0;42;0;43;0;44;0;45;0;46;0;47;0;48;0;49;0;50;0;51;0;52;0;53;0;54;0;55;0;56;1;
40_Balaenoptera_edeni.sqlite;10;4048;11;1338;12;403;13;184;14;112;15;53;16;14;17;12;18;5;19;2;20;1;21;0;22;0;23;0;24;1;25;1;26;0;27;1;
41_Balaenoptera_musculus.sqlite;10;3945;11;1267;12;355;13;181;14;98;15;38;16;29;17;11;18;4;19;1;
42_Balaenoptera_omurai.sqlite;10;4043;11;1281;12;386;13;200;14;106;15;38;16;14;17;10;18;7;19;1;20;1;21;0;22;0;23;0;24;0;25;0;26;0;27;1;
43_Balaenoptera_physalus.sqlite;10;3855;11;1240;12;322;13;163;14;106;15;37;16;22;17;5;18;4;
44_Bandicota_indica.sqlite;10;4096;11;1268;12;375;13;199;14;98;15;47;16;32;17;13;18;3;19;0;20;0;21;0;22;3;23;1;
45_Beatragus_hunteri.sqlite;10;3644;11;1101;12;369;13;145;14;75;15;44;16;19;17;9;18;3;19;2;20;0;21;1;22;0;23;0;24;0;25;0;26;0;27;0;28;0;29;1;
46_Berardius_bairdii.sqlite;10;3844;11;1181;12;342;13;198;14;96;15;44;16;12;17;7;18;5;19;3;20;0;21;0;22;0;23;0;24;1;
47_Bison_bison.sqlite;10;3844;11;1215;12;356;13;184;14;97;15;45;16;24;17;6;18;7;19;2;20;1;21;0;22;0;23;0;24;0;25;1;
48_Bison_bonasus.sqlite;10;3876;11;1219;12;367;13;189;14;95;15;47;16;14;17;15;18;2;19;1;20;0;21;1;22;0;23;0;24;0;25;0;26;0;27;0;28;0;29;1;30;1;
49_Blarinella_quadraticauda.sqlite;10;5033;11;1543;12;467;13;214;14;121;15;56;16;22;17;16;18;1;19;4;20;1;21;3;22;0;23;2;24;0;25;2;26;0;27;0;28;0;29;0;30;0;31;0;32;0;33;0;34;0;35;0;36;0;37;0;38;1;39;0;40;0;41;2;42;0;43;1;44;0;45;0;46;0;47;0;48;0;49;0;50;0;51;0;52;0;53;0;54;0;55;0;56;0;57;0;58;0;59;1;60;0;61;0;62;0;63;0;64;0;65;0;66;0;67;0;68;0;69;0;70;0;71;0;72;0;73;0;74;0;75;0;76;0;77;1;78;0;79;0;80;0;81;0;82;0;83;0;84;0;85;0;86;0;87;0;88;0;89;0;90;0;91;0;92;0;93;0;94;0;95;1;96;0;97;0;98;0;99;0;100;0;101;0;102;0;103;0;104;0;105;0;106;0;107;0;108;0;109;0;110;0;111;0;112;0;113;1;114;0;115;0;116;0;117;0;118;0;119;0;120;1;121;0;122;0;123;0;124;0;125;0;126;0;127;0;128;0;129;0;130;0;131;1;132;0;133;0;134;0;135;0;136;0;137;0;138;0;139;0;140;0;141;0;142;0;143;0;144;0;145;0;146;0;147;0;148;0;149;1;150;0;151;0;152;0;153;0;154;0;155;0;156;0;157;0;158;0;159;0;160;0;161;0;162;0;163;0;164;0;165;0;166;0;167;1;168;0;169;0;170;0;171;0;172;0;173;0;174;0;175;0;176;0;177;0;178;0;179;0;180;0;181;0;182;0;183;0;184;0;185;1;186;0;187;0;188;0;189;0;190;0;191;0;192;0;193;0;194;0;195;0;196;0;197;0;198;0;199;1;200;0;201;0;202;0;203;1;204;0;205;0;206;0;207;0;208;0;209;0;210;0;211;0;212;0;213;0;214;0;215;0;216;0;217;0;218;0;219;0;220;0;221;1;222;0;223;0;224;0;225;0;226;0;227;0;228;0;229;0;230;0;231;0;232;0;233;0;234;0;235;0;236;0;237;0;238;0;239;0;240;0;241;0;242;0;243;0;244;0;245;0;246;0;247;0;248;1;249;0;250;0;251;0;252;0;253;0;254;0;255;0;256;0;257;0;258;0;259;0;260;0;261;0;262;0;263;0;264;0;265;0;266;0;267;0;268;0;269;0;270;0;271;0;272;0;273;0;274;0;275;0;276;0;277;0;278;1;
4_Aepyceros_melampus.sqlite;10;4103;11;1233;12;416;13;180;14;88;15;50;16;16;17;10;18;6;19;1;20;1;21;1;22;1;23;0;24;0;25;1;26;0;27;0;28;1;
50_Blastocerus_dichotomus.sqlite;10;4793;11;1452;12;459;13;206;14;114;15;44;16;20;17;8;18;5;19;0;20;2;21;2;
51_Boselaphus_tragocamelus.sqlite;10;3927;11;1213;12;373;13;197;14;85;15;43;16;16;17;6;18;4;19;1;20;4;21;0;22;0;23;1;24;1;25;0;26;0;27;1;28;1;
52_Bos_gaurus.sqlite;10;3859;11;1222;12;351;13;174;14;94;15;53;16;15;17;9;18;3;19;0;20;1;21;0;22;0;23;0;24;0;25;1;26;0;27;1;
53_Bos_javanicus.sqlite;10;3693;11;1124;12;395;13;162;14;93;15;47;16;13;17;10;18;4;19;1;
54_Bos_mutus.sqlite;10;3853;11;1241;12;374;13;173;14;102;15;42;16;20;17;12;18;5;19;1;20;1;21;1;22;0;23;0;24;0;25;0;26;0;27;1;28;0;29;1;
55_Brachyphylla_cavernarum.sqlite;10;3889;11;1189;12;335;13;188;14;100;15;34;16;17;17;10;18;3;19;2;20;0;21;0;22;0;23;1;24;0;25;0;26;0;27;0;28;1;29;0;30;1;31;0;32;0;33;0;34;0;35;1;36;0;37;0;38;0;39;0;40;0;41;0;42;0;43;0;44;0;45;0;46;0;47;1;48;0;49;0;50;0;51;0;52;0;53;0;54;0;55;0;56;0;57;0;58;0;59;1;60;0;61;0;62;0;63;0;64;0;65;0;66;0;67;0;68;0;69;0;70;0;71;1;72;0;73;0;74;0;75;0;76;0;77;0;78;0;79;0;80;0;81;0;82;0;83;1;84;0;85;0;86;0;87;0;88;0;89;0;90;0;91;0;92;0;93;0;94;0;95;1;96;0;97;0;98;0;99;0;100;0;101;0;102;0;103;0;104;0;105;0;106;0;107;1;108;0;109;0;110;0;111;0;112;0;113;0;114;0;115;0;116;0;117;0;118;0;119;1;120;0;121;0;122;0;123;0;124;0;125;0;126;0;127;0;128;0;129;0;130;0;131;1;132;0;133;0;134;0;135;0;136;0;137;0;138;0;139;0;140;0;141;0;142;0;143;1;144;0;145;0;146;0;147;0;148;0;149;0;150;0;151;0;152;0;153;0;154;0;155;1;156;0;157;0;158;0;159;0;160;0;161;0;162;0;163;0;164;0;165;0;166;0;167;1;168;0;169;0;170;0;171;0;172;0;173;0;174;0;175;0;176;0;177;0;178;0;179;1;180;0;181;0;182;0;183;0;184;0;185;0;186;0;187;0;188;0;189;0;190;0;191;1;192;0;193;0;194;0;195;0;196;0;197;0;198;0;199;0;200;0;201;0;202;0;203;1;204;0;205;0;206;0;207;0;208;0;209;0;210;0;211;0;212;0;213;0;214;0;215;1;216;0;217;0;218;0;219;0;220;0;221;0;222;0;223;0;224;0;225;0;226;0;227;1;228;0;229;0;230;0;231;0;232;0;233;0;234;0;235;0;236;0;237;0;238;0;239;1;
56_Bradypus_pygmaeus.sqlite;10;4341;11;1304;12;402;13;188;14;114;15;36;16;20;17;10;18;3;19;0;20;1;21;2;22;0;23;1;24;0;25;1;26;0;27;0;28;1;29;0;30;0;31;0;32;0;33;0;34;3;35;0;36;0;37;0;38;0;39;0;40;1;41;1;42;0;43;0;44;0;45;0;46;2;47;0;48;1;49;0;50;0;51;0;52;0;53;0;54;0;55;1;56;0;57;0;58;0;59;0;60;0;61;0;62;0;63;0;64;2;65;1;66;1;67;0;68;0;69;0;70;1;71;0;72;0;73;0;74;0;75;0;76;1;77;1;78;0;79;0;80;0;81;0;82;0;83;0;84;2;85;0;86;0;87;0;88;0;89;0;90;0;91;1;92;0;93;0;94;0;95;0;96;0;97;0;98;0;99;0;100;0;101;2;102;2;103;0;104;0;105;0;106;0;107;0;108;0;109;0;110;0;111;0;112;0;113;0;114;1;115;1;116;0;117;0;118;0;119;0;120;0;121;0;122;0;123;0;124;0;125;0;126;0;127;1;
57_Bradypus_torquatus.sqlite;10;4445;11;1378;12;426;13;181;14;106;15;49;16;24;17;12;18;0;19;5;20;0;21;0;22;0;23;2;24;0;25;1;26;1;27;0;28;0;29;2;30;0;31;0;32;0;33;0;34;0;35;2;36;0;37;4;38;0;39;0;40;0;41;2;42;0;43;0;44;0;45;0;46;0;47;1;48;0;49;0;50;0;51;0;52;0;53;1;54;0;55;0;56;0;57;0;58;0;59;2;60;0;61;4;62;0;63;0;64;0;65;1;66;0;67;0;68;0;69;0;70;0;71;0;72;0;73;0;74;0;75;0;76;0;77;1;78;0;79;0;80;0;81;0;82;0;83;2;84;0;85;2;86;0;87;0;88;2;89;1;90;0;91;0;92;0;93;0;94;0;95;0;96;0;97;0;98;0;99;0;100;0;101;2;102;0;103;0;104;0;105;0;106;0;107;1;108;0;109;0;110;0;111;0;112;0;113;0;114;0;115;0;116;0;117;0;118;1;119;1;120;0;121;0;122;0;123;0;124;0;125;2;126;0;127;0;128;1;129;0;130;0;131;1;132;0;133;0;134;1;135;0;136;0;137;0;138;0;139;0;140;0;141;0;142;1;143;1;144;0;145;0;146;0;147;0;148;0;149;3;150;0;151;0;152;1;153;0;154;0;155;0;156;0;157;0;158;1;159;0;160;0;161;0;162;0;163;0;164;0;165;0;166;1;167;0;168;0;169;0;170;0;171;0;172;0;173;1;174;0;175;0;176;0;177;0;178;0;179;1;180;0;181;0;182;0;183;0;184;0;185;1;
58_Bubalus_depressicornis.sqlite;10;3648;11;1153;12;327;13;168;14;81;15;30;16;11;17;5;18;5;19;1;20;1;21;0;22;0;23;0;24;1;25;1;
59_Budorcas_taxicolor.sqlite;10;4061;11;1245;12;420;13;193;14;70;15;50;16;18;17;7;18;5;19;4;20;0;21;0;22;0;23;1;24;0;25;0;26;1;27;0;28;0;29;1;30;0;31;1;32;0;33;0;34;0;35;0;36;0;37;0;38;0;39;1;40;0;41;0;42;0;43;1;44;0;45;0;46;0;47;0;48;1;49;0;50;0;51;0;52;0;53;0;54;0;55;0;56;0;57;0;58;0;59;0;60;0;61;0;62;0;63;0;64;0;65;0;66;0;67;0;68;0;69;0;70;0;71;0;72;0;73;0;74;0;75;0;76;0;77;0;78;0;79;0;80;0;81;0;82;0;83;0;84;1;85;0;86;0;87;0;88;0;89;0;90;0;91;0;92;0;93;0;94;0;95;0;96;0;97;0;98;0;99;0;100;0;101;0;102;0;103;0;104;0;105;0;106;0;107;0;108;0;109;0;110;0;111;0;112;0;113;0;114;0;115;0;116;0;117;0;118;0;119;0;120;0;121;0;122;0;123;0;124;0;125;0;126;0;127;0;128;1;
5_Ailuropoda_melanoleuca.sqlite;10;3550;11;1038;12;321;13;165;14;51;15;34;16;23;17;5;18;2;19;1;20;1;21;0;22;1;23;0;24;0;25;0;26;0;27;0;28;0;29;0;30;2;31;0;32;0;33;0;34;0;35;0;36;0;37;0;38;0;39;1;40;0;41;0;42;0;43;0;44;0;45;0;46;0;47;0;48;0;49;0;50;1;51;0;52;0;53;0;54;0;55;0;56;0;57;0;58;0;59;1;60;0;61;0;62;0;63;0;64;0;65;0;66;0;67;0;68;0;69;0;70;0;71;1;72;0;73;0;74;0;75;0;76;0;77;0;78;0;79;0;80;1;81;0;82;0;83;0;84;0;85;0;86;0;87;0;88;0;89;1;90;0;91;0;92;0;93;0;94;0;95;0;96;0;97;0;98;0;99;0;100;0;101;1;102;0;103;0;104;0;105;0;106;0;107;0;108;0;109;1;110;0;111;0;112;0;113;0;114;0;115;0;116;0;117;0;118;0;119;0;120;1;121;0;122;0;123;0;124;0;125;0;126;0;127;0;128;0;129;0;130;1;131;0;132;0;133;0;134;0;135;0;136;0;137;0;138;0;139;0;140;1;141;0;142;0;143;0;144;0;145;0;146;0;147;0;148;0;149;1;150;0;151;0;152;0;153;0;154;0;155;0;156;0;157;0;158;0;159;0;160;0;161;1;162;0;163;0;164;0;165;0;166;0;167;0;168;0;169;1;170;0;171;0;172;0;173;0;174;0;175;0;176;0;177;0;178;0;179;0;180;0;181;1;182;0;183;0;184;0;185;0;186;0;187;0;188;0;189;0;190;1;191;0;192;0;193;0;194;0;195;0;196;0;197;0;198;0;199;0;200;1;201;0;202;0;203;0;204;0;205;0;206;0;207;0;208;0;209;0;210;1;211;0;212;0;213;0;214;0;215;0;216;0;217;0;218;0;219;0;220;0;221;1;222;0;223;0;224;0;225;0;226;0;227;0;228;0;229;1;230;0;231;0;232;0;233;0;234;0;235;0;236;0;237;0;238;0;239;0;240;0;241;1;242;0;243;0;244;0;245;0;246;0;247;0;248;0;249;0;250;1;251;0;252;0;253;0;254;0;255;0;256;0;257;0;258;0;259;1;260;0;261;0;262;0;263;0;264;0;265;0;266;0;267;0;268;0;269;0;270;0;271;1;272;0;273;0;274;0;275;0;276;0;277;0;278;0;279;0;280;1;281;0;282;0;283;0;284;0;285;0;286;0;287;0;288;0;289;0;290;0;291;1;292;0;293;0;294;0;295;0;296;0;297;0;298;0;299;0;300;1;301;0;302;0;303;0;304;0;305;0;306;0;307;0;308;0;309;0;310;0;311;1;312;0;313;0;314;0;315;0;316;0;317;0;318;0;319;0;320;1;
60_Cabassous_centralis.sqlite;10;4297;11;1279;12;383;13;232;14;111;15;44;16;17;17;14;18;1;19;3;20;0;21;2;22;0;23;0;24;3;25;0;26;0;27;1;28;0;29;0;30;0;31;0;32;0;33;1;34;0;35;1;36;0;37;1;38;0;39;1;40;0;41;0;42;0;43;0;44;0;45;1;46;0;47;0;48;1;49;0;50;0;51;1;52;0;53;0;54;0;55;0;56;0;57;1;58;0;59;0;60;1;61;0;62;0;63;1;64;0;65;0;66;0;67;0;68;0;69;1;70;0;71;0;72;0;73;0;74;0;75;1;76;0;77;0;78;0;79;0;80;0;81;3;82;0;83;0;84;0;85;0;86;0;87;1;88;0;89;0;90;0;91;0;92;1;93;1;94;2;95;0;96;0;97;0;98;0;99;1;100;0;101;0;102;0;103;0;104;0;105;1;106;0;107;0;108;0;109;0;110;0;111;1;112;0;113;0;114;0;115;0;116;0;117;0;118;0;119;0;120;0;121;0;122;0;123;0;124;0;125;0;126;0;127;0;128;0;129;0;130;1;131;0;132;0;133;0;134;0;135;0;136;0;137;0;138;0;139;0;140;0;141;0;142;0;143;0;144;0;145;0;146;0;147;0;148;0;149;0;150;0;151;0;152;0;153;0;154;0;155;0;156;0;157;0;158;0;159;0;160;0;161;0;162;0;163;0;164;0;165;0;166;0;167;0;168;0;169;0;170;0;171;0;172;0;173;0;174;0;175;0;176;0;177;0;178;0;179;0;180;0;181;0;182;0;183;0;184;0;185;0;186;0;187;0;188;0;189;0;190;0;191;0;192;0;193;0;194;0;195;0;196;0;197;0;198;0;199;0;200;0;201;0;202;0;203;0;204;0;205;0;206;0;207;0;208;0;209;0;210;1;211;0;212;0;213;0;214;0;215;0;216;0;217;0;218;0;219;0;220;0;221;0;222;0;223;0;224;0;225;0;226;0;227;0;228;0;229;0;230;0;231;0;232;0;233;0;234;0;235;0;236;0;237;0;238;0;239;0;240;0;241;0;242;0;243;0;244;0;245;0;246;0;247;0;248;0;249;0;250;0;251;0;252;0;253;0;254;0;255;0;256;0;257;0;258;0;259;0;260;0;261;0;262;0;263;0;264;0;265;0;266;0;267;0;268;0;269;0;270;0;271;0;272;0;273;0;274;0;275;0;276;0;277;0;278;0;279;0;280;0;281;0;282;0;283;0;284;0;285;0;286;0;287;0;288;0;289;0;290;1;291;0;292;0;293;0;294;0;295;0;296;0;297;0;298;0;299;0;300;0;301;0;302;0;303;0;304;0;305;0;306;0;307;0;308;0;309;0;310;0;311;0;312;0;313;0;314;0;315;0;316;0;317;0;318;0;319;0;320;0;321;0;322;0;323;0;324;0;325;0;326;0;327;0;328;0;329;0;330;0;331;0;332;0;333;1;334;0;335;0;336;0;337;0;338;0;339;0;340;0;341;0;342;0;343;0;344;0;345;0;346;0;347;0;348;0;349;0;350;0;351;0;352;0;353;0;354;0;355;0;356;0;357;0;358;0;359;0;360;0;361;0;362;0;363;0;364;0;365;0;366;0;367;0;368;0;369;0;370;1;
61_Cabassous_chacoensis.sqlite;10;4040;11;1269;12;376;13;171;14;99;15;57;16;17;17;13;18;3;19;6;20;0;21;0;22;0;23;2;24;0;25;1;26;0;27;0;28;0;29;1;30;1;31;0;32;0;33;0;34;0;35;1;36;0;37;0;38;0;39;0;40;0;41;0;42;0;43;0;44;0;45;1;
62_Cabassous_tatouay.sqlite;10;3931;11;1276;12;378;13;193;14;109;15;35;16;25;17;17;18;3;19;1;20;0;21;1;22;2;23;1;24;0;25;0;26;0;27;0;28;1;29;0;30;0;31;0;32;0;33;0;34;2;35;0;36;0;37;0;38;0;39;0;40;1;41;0;42;0;43;0;44;0;45;1;46;1;47;0;48;0;49;0;50;0;51;0;52;1;
63_Cabassous_unicinctus.sqlite;10;3868;11;1193;12;334;13;178;14;101;15;57;16;22;17;17;18;2;19;0;20;1;21;0;22;0;23;1;24;2;25;0;26;0;27;0;28;0;29;1;30;0;31;0;32;0;33;0;34;0;35;1;36;0;37;0;38;0;39;0;40;0;41;1;42;0;43;0;44;1;45;0;46;0;47;1;48;0;49;0;50;0;51;0;52;0;53;1;54;0;55;0;56;0;57;0;58;0;59;0;60;0;61;0;62;0;63;0;64;0;65;0;66;0;67;0;68;0;69;0;70;0;71;0;72;0;73;0;74;0;75;0;76;0;77;0;78;0;79;0;80;0;81;0;82;0;83;0;84;0;85;0;86;0;87;0;88;0;89;0;90;0;91;0;92;0;93;0;94;0;95;0;96;0;97;0;98;0;99;0;100;0;101;0;102;0;103;0;104;0;105;0;106;0;107;0;108;0;109;0;110;0;111;0;112;0;113;0;114;0;115;0;116;0;117;0;118;0;119;0;120;0;121;0;122;0;123;0;124;0;125;0;126;0;127;1;
64_Cacajao_calvus.sqlite;10;4336;11;1315;12;384;13;195;14;92;15;37;16;24;17;9;18;2;19;0;20;0;21;0;22;1;23;1;
65_Caenolestes_fuliginosus.sqlite;10;4514;11;1486;12;437;13;205;14;108;15;49;16;26;17;18;18;4;19;2;20;1;21;1;22;0;23;0;24;1;25;0;26;0;27;0;28;0;29;0;30;0;31;0;32;1;33;0;34;0;35;0;36;0;37;0;38;0;39;0;40;1;41;0;42;0;43;0;44;0;45;0;46;0;47;0;48;1;49;0;50;0;51;0;52;0;53;0;54;0;55;0;56;1;57;0;58;0;59;0;60;0;61;0;62;0;63;0;64;1;65;0;66;0;67;0;68;0;69;0;70;0;71;0;72;1;73;0;74;0;75;0;76;0;77;0;78;0;79;0;80;1;81;0;82;0;83;0;84;0;85;0;86;0;87;0;88;1;89;0;90;0;91;0;92;0;93;0;94;0;95;0;96;1;97;0;98;0;99;0;100;0;101;0;102;0;103;0;104;1;105;0;106;0;107;0;108;0;109;0;110;0;111;0;112;1;113;0;114;0;115;0;116;0;117;0;118;0;119;0;120;1;121;0;122;0;123;0;124;0;125;0;126;0;127;0;128;1;129;0;130;0;131;0;132;0;133;0;134;0;135;0;136;1;137;0;138;0;139;0;140;0;141;0;142;0;143;0;144;1;145;0;146;0;147;0;148;0;149;0;150;0;151;0;152;1;153;0;154;0;155;0;156;0;157;0;158;0;159;0;160;1;161;0;162;0;163;0;164;0;165;0;166;0;167;0;168;1;
66_Callimico_goeldii.sqlite;10;4168;11;1236;12;368;13;187;14;95;15;44;16;20;17;17;18;3;19;1;20;0;21;0;22;1;23;0;24;0;25;0;26;1;27;0;28;0;29;0;30;1;
67_Callithrix_geoffroyi.sqlite;10;3785;11;1158;12;358;13;198;14;98;15;52;16;22;17;9;18;0;19;3;20;0;21;0;22;1;23;0;24;1;
68_Callithrix_jacchus.sqlite;10;3720;11;1128;12;364;13;168;14;100;15;53;16;21;17;13;18;3;19;2;20;0;21;0;22;1;
69_Callithrix_kuhlii.sqlite;10;3695;11;1157;12;358;13;175;14;98;15;51;16;21;17;11;18;2;19;5;20;0;21;0;22;0;23;0;24;0;25;0;26;0;27;1;
6_Ailurus_fulgens.sqlite;10;3897;11;1195;12;363;13;137;14;87;15;37;16;14;17;8;18;6;19;0;20;0;21;1;22;0;23;1;24;0;25;0;26;0;27;1;28;0;29;0;30;0;31;0;32;0;33;1;34;0;35;0;36;0;37;0;38;1;39;0;40;0;41;0;42;0;43;0;44;0;45;0;46;1;47;0;48;1;49;0;50;0;51;0;52;0;53;0;54;0;55;0;56;1;57;0;58;0;59;0;60;0;61;0;62;0;63;0;64;0;65;0;66;0;67;0;68;0;69;0;70;0;71;0;72;0;73;0;74;0;75;0;76;0;77;0;78;1;79;0;80;0;81;1;82;0;83;0;84;0;85;0;86;1;87;0;88;0;89;0;90;0;91;0;92;0;93;0;94;1;95;0;96;0;97;0;98;0;99;0;100;0;101;0;102;0;103;0;104;0;105;1;106;0;107;0;108;0;109;0;110;1;111;0;112;0;113;0;114;0;115;0;116;0;117;0;118;1;119;0;120;0;121;0;122;0;123;0;124;0;125;0;126;0;127;0;128;0;129;0;130;0;131;0;132;0;133;0;134;1;135;0;136;0;137;0;138;0;139;0;140;0;141;0;142;1;143;0;144;0;145;0;146;0;147;0;148;0;149;0;150;1;151;0;152;0;153;0;154;0;155;0;156;1;157;0;158;0;159;0;160;0;161;0;162;0;163;0;164;1;165;0;166;0;167;0;168;0;169;1;170;0;171;0;172;0;173;0;174;1;175;0;176;0;177;0;178;0;179;0;180;0;181;0;182;1;183;0;184;1;
70_Callithrix_penicillata.sqlite;10;3592;11;1105;12;329;13;168;14;91;15;49;16;21;17;14;18;3;19;3;20;0;21;0;22;1;
71_Callorhinus_ursinus.sqlite;10;3740;11;1192;12;383;13;185;14;78;15;41;16;22;17;15;18;2;19;0;20;2;21;2;22;1;23;1;24;5;25;1;26;0;27;0;28;0;29;1;30;0;31;0;32;1;33;10;34;0;35;0;36;0;37;2;38;0;39;0;40;4;41;1;42;0;43;0;44;1;45;0;46;1;47;0;48;7;49;0;50;0;51;1;52;0;53;0;54;0;55;0;56;0;57;0;58;0;59;1;60;0;61;0;62;0;63;0;64;0;65;0;66;0;67;1;68;0;69;1;70;0;71;0;72;0;73;0;74;0;75;0;76;2;77;0;78;0;79;0;80;0;81;1;82;0;83;0;84;1;85;2;86;0;87;1;88;0;89;0;90;1;91;0;92;1;93;0;94;2;95;0;96;2;97;0;98;0;99;1;100;0;101;0;102;1;103;2;104;0;105;1;106;1;107;1;108;1;109;2;110;0;111;0;112;1;113;0;114;1;115;0;116;0;117;0;118;0;119;0;120;0;121;2;122;2;123;0;124;0;125;0;126;0;127;2;128;3;129;2;130;0;131;1;132;0;133;1;134;0;135;0;136;0;137;0;138;0;139;0;140;0;141;1;142;2;143;3;144;0;145;0;146;0;147;0;148;0;149;0;150;2;151;0;152;0;153;0;154;0;155;0;156;1;157;0;158;0;159;1;160;0;161;1;162;0;163;0;164;0;165;1;166;0;167;0;168;4;169;0;170;1;171;0;172;0;173;0;174;0;175;0;176;1;177;0;178;0;179;0;180;0;181;0;182;1;183;0;184;0;185;0;186;0;187;0;188;2;189;1;190;0;191;0;192;1;193;0;194;0;195;0;196;0;197;0;198;0;199;0;200;0;201;0;202;0;203;0;204;0;205;0;206;0;207;0;208;0;209;1;210;0;211;0;212;0;213;0;214;0;215;0;216;0;217;1;218;0;219;0;220;0;221;0;222;0;223;0;224;0;225;1;226;0;227;0;228;0;229;0;230;0;231;0;232;0;233;0;234;0;235;0;236;0;237;0;238;0;239;0;240;0;241;0;242;0;243;0;244;0;245;0;246;0;247;0;248;0;249;0;250;0;251;0;252;1;253;0;254;0;255;0;256;0;257;0;258;0;259;0;260;1;
72_Callosciurus_adamsi.sqlite;10;3510;11;1084;12;330;13;157;14;73;15;35;16;17;17;8;18;4;19;2;
73_Callosciurus_erythraeus.sqlite;10;3845;11;1154;12;370;13;183;14;84;15;42;16;18;17;8;18;4;
74_Calyptophractus_retusus.sqlite;10;3941;11;1192;12;369;13;178;14;82;15;57;16;21;17;7;18;3;19;4;20;0;21;0;22;1;23;1;24;0;25;1;26;0;27;0;28;0;29;0;30;0;31;1;32;0;33;0;34;0;35;0;36;0;37;0;38;0;39;0;40;0;41;0;42;0;43;0;44;1;
75_Camelus_ferus.sqlite;10;3095;11;849;12;237;13;119;14;49;15;32;16;6;17;9;18;6;19;5;20;0;21;2;22;0;23;0;24;3;25;0;26;0;27;1;28;0;29;1;30;1;31;0;32;0;33;1;34;1;35;1;36;0;37;0;38;0;39;1;40;1;41;2;42;1;43;0;44;0;45;1;46;3;47;1;48;1;49;0;50;0;51;0;52;1;53;1;54;0;55;0;56;1;57;1;58;0;59;0;60;0;61;1;62;1;63;0;64;2;65;1;66;0;67;2;68;0;69;0;70;1;71;0;72;0;73;9;74;1;75;1;76;2;77;0;78;0;79;1;80;2;81;0;82;2;83;0;84;1;85;1;86;1;87;1;88;1;89;5;90;1;91;0;92;0;93;1;94;0;95;0;96;1;97;0;98;0;99;1;100;0;101;0;102;0;103;0;104;0;105;1;106;0;107;0;108;0;109;0;110;0;111;0;112;4;113;1;114;0;115;0;116;0;117;0;118;0;119;0;120;0;121;0;122;0;123;0;124;0;125;0;126;0;127;0;128;2;129;2;130;0;131;0;132;0;133;0;134;0;135;0;136;0;137;0;138;0;139;0;140;0;141;0;142;0;143;0;144;0;145;0;146;5;147;0;148;0;149;0;150;0;151;0;152;0;153;0;154;0;155;0;156;0;157;0;158;0;159;0;160;0;161;0;162;0;163;0;164;0;165;0;166;0;167;0;168;0;169;0;170;0;171;0;172;0;173;0;174;0;175;0;176;0;177;0;178;0;179;0;180;0;181;0;182;0;183;0;184;0;185;0;186;0;187;0;188;0;189;0;190;0;191;0;192;0;193;0;194;1;195;0;196;0;197;0;198;0;199;1;200;0;201;0;202;0;203;1;204;1;205;0;206;1;207;1;208;0;209;1;210;0;211;0;212;0;213;0;214;0;215;0;216;0;217;0;218;0;219;0;220;0;221;1;222;0;223;0;224;0;225;0;226;1;227;0;228;1;229;5;230;0;231;0;232;0;233;0;234;0;235;0;236;0;237;1;238;0;239;0;240;0;241;0;242;0;243;1;244;0;245;0;246;0;247;0;248;0;249;1;
76_Canis_latrans.sqlite;10;3555;11;1049;12;305;13;142;14;72;15;40;16;7;17;10;18;5;19;9;20;0;21;1;22;1;23;0;24;0;25;3;26;6;27;1;28;5;29;5;30;0;31;0;32;0;33;0;34;0;35;3;36;0;37;1;38;1;39;1;40;0;41;0;42;0;43;0;44;0;45;3;46;1;47;1;48;1;49;0;50;0;51;0;52;0;53;0;54;0;55;3;56;2;57;1;58;1;59;1;60;0;61;0;62;0;63;0;64;0;65;2;66;1;67;1;68;2;69;0;70;0;71;0;72;0;73;0;74;1;75;1;76;0;77;1;78;1;79;0;80;0;81;0;82;0;83;1;84;1;85;2;86;0;87;1;88;0;89;0;90;0;91;0;92;0;93;1;94;1;95;1;96;1;97;1;98;0;99;0;100;0;101;0;102;1;103;1;104;1;105;2;106;1;107;0;108;0;109;0;110;0;111;1;112;1;113;1;114;1;115;1;116;0;117;0;118;0;119;0;120;0;121;1;122;3;123;2;124;1;125;0;126;0;127;0;128;0;129;0;130;0;131;0;132;0;133;1;134;0;135;0;136;0;137;0;138;0;139;0;140;0;141;0;142;0;143;0;144;0;145;0;146;0;147;0;148;0;149;0;150;0;151;0;152;0;153;0;154;0;155;0;156;0;157;0;158;0;159;0;160;0;161;0;162;0;163;0;164;0;165;0;166;0;167;0;168;0;169;0;170;0;171;0;172;0;173;0;174;0;175;0;176;0;177;0;178;0;179;0;180;0;181;0;182;0;183;0;184;0;185;0;186;0;187;0;188;0;189;0;190;0;191;0;192;0;193;0;194;0;195;0;196;0;197;0;198;0;199;1;200;0;201;0;202;0;203;0;204;0;205;0;206;1;207;0;208;0;209;0;210;0;211;0;212;0;213;0;214;0;215;0;216;0;217;0;218;0;219;0;220;0;221;0;222;0;223;0;224;0;225;0;226;0;227;0;228;0;229;0;230;0;231;0;232;0;233;0;234;0;235;0;236;0;237;0;238;0;239;0;240;0;241;0;242;0;243;0;244;0;245;0;246;0;247;0;248;0;249;0;250;0;251;0;252;0;253;0;254;0;255;0;256;0;257;0;258;0;259;0;260;0;261;0;262;0;263;0;264;0;265;0;266;0;267;0;268;0;269;0;270;0;271;0;272;0;273;0;274;0;275;0;276;0;277;0;278;0;279;0;280;0;281;1;282;0;283;0;284;0;285;0;286;0;287;0;288;0;289;0;290;0;291;0;292;0;293;0;294;0;295;0;296;0;297;0;298;0;299;0;300;0;301;0;302;0;303;0;304;0;305;0;306;0;307;0;308;0;309;0;310;0;311;0;312;1;
77_Canis_lupus.sqlite;10;3518;11;1045;12;292;13;147;14;78;15;47;16;14;17;5;18;5;19;19;20;0;21;0;22;1;23;0;24;0;25;1;26;1;27;0;28;2;29;2;30;0;31;0;32;0;33;0;34;0;35;1;36;1;37;0;38;3;39;2;40;0;41;0;42;0;43;0;44;1;45;1;46;0;47;0;48;2;49;2;50;0;51;0;52;0;53;0;54;1;55;2;56;0;57;0;58;6;59;0;60;3;61;0;62;0;63;0;64;0;65;1;66;0;67;0;68;2;69;5;70;0;71;0;72;0;73;0;74;0;75;0;76;0;77;1;78;0;79;6;80;0;81;0;82;0;83;0;84;0;85;0;86;0;87;0;88;1;89;0;90;0;91;0;92;0;93;0;94;0;95;0;96;1;97;0;98;1;99;0;100;0;101;0;102;0;103;0;104;0;105;0;106;0;107;0;108;0;109;0;110;0;111;0;112;0;113;0;114;0;115;0;116;0;117;0;118;0;119;0;120;0;121;0;122;0;123;0;124;0;125;0;126;1;127;0;128;0;129;0;130;0;131;0;132;0;133;0;134;0;135;0;136;1;137;0;138;0;139;0;140;0;141;0;142;0;143;0;144;1;145;0;146;1;147;0;148;0;149;0;150;0;151;0;152;0;153;0;154;0;155;0;156;1;157;0;158;0;159;0;160;0;161;0;162;0;163;0;164;0;165;1;166;0;167;1;168;0;169;0;170;0;171;0;172;0;173;0;174;0;175;0;176;0;177;0;178;0;179;0;180;0;181;0;182;0;183;0;184;0;185;0;186;0;187;0;188;0;189;0;190;0;191;0;192;0;193;0;194;0;195;0;196;0;197;0;198;0;199;0;200;0;201;0;202;0;203;0;204;0;205;0;206;0;207;0;208;0;209;0;210;0;211;0;212;0;213;0;214;0;215;0;216;0;217;0;218;0;219;0;220;0;221;0;222;0;223;0;224;0;225;0;226;0;227;0;228;0;229;0;230;0;231;0;232;0;233;0;234;0;235;0;236;0;237;0;238;0;239;0;240;0;241;0;242;0;243;0;244;0;245;0;246;0;247;0;248;0;249;0;250;0;251;0;252;0;253;0;254;0;255;1;256;0;257;0;258;0;259;0;260;0;261;0;262;0;263;0;264;0;265;1;266;0;267;0;268;0;269;0;270;0;271;0;272;1;273;0;274;0;275;0;276;0;277;0;278;0;279;0;280;0;281;1;282;1;
78_Caperea_marginata.sqlite;10;3906;11;1241;12;327;13;182;14;113;15;39;16;20;17;6;18;1;19;3;20;0;21;0;22;0;23;2;24;0;25;0;26;0;27;1;
79_Capra_aegagrus.sqlite;10;4037;11;1186;12;412;13;183;14;97;15;54;16;14;17;5;18;5;19;0;20;1;21;1;22;0;23;0;24;0;25;0;26;0;27;0;28;0;29;0;30;1;31;0;32;0;33;0;34;0;35;0;36;0;37;0;38;0;39;0;40;0;41;0;42;0;43;0;44;0;45;0;46;0;47;0;48;0;49;0;50;1;
7_Akodon_montensis.sqlite;10;3708;11;1239;12;371;13;194;14;88;15;37;16;7;17;5;18;1;19;2;
80_Capra_caucasica.sqlite;10;4089;11;1157;12;405;13;191;14;92;15;48;16;21;17;8;18;6;19;2;20;2;21;0;22;1;23;0;24;0;25;0;26;0;27;0;28;0;29;0;30;1;31;0;32;0;33;0;34;0;35;0;36;0;37;0;38;0;39;0;40;0;41;0;42;0;43;0;44;0;45;0;46;0;47;0;48;0;49;0;50;0;51;0;52;0;53;0;54;0;55;0;56;0;57;0;58;0;59;0;60;0;61;0;62;0;63;0;64;0;65;0;66;0;67;0;68;0;69;0;70;0;71;0;72;0;73;0;74;0;75;0;76;0;77;0;78;1;
81_Capra_falconeri.sqlite;10;3969;11;1164;12;381;13;173;14;91;15;39;16;21;17;7;18;4;19;2;20;1;21;0;22;0;23;0;24;0;25;0;26;0;27;0;28;1;29;0;30;0;31;0;32;0;33;1;34;0;35;0;36;0;37;0;38;0;39;0;40;0;41;0;42;0;43;0;44;0;45;0;46;0;47;0;48;0;49;0;50;0;51;1;
82_Capra_ibex.sqlite;10;4086;11;1190;12;396;13;196;14;83;15;49;16;17;17;6;18;5;19;1;20;1;21;3;22;0;23;0;24;0;25;0;26;0;27;0;28;0;29;0;30;0;31;0;32;0;33;0;34;0;35;0;36;0;37;0;38;0;39;0;40;0;41;0;42;0;43;0;44;0;45;0;46;0;47;0;48;0;49;0;50;0;51;0;52;0;53;0;54;0;55;0;56;0;57;0;58;0;59;0;60;0;61;0;62;0;63;0;64;0;65;0;66;0;67;0;68;0;69;0;70;0;71;1;72;0;73;0;74;0;75;0;76;0;77;0;78;0;79;0;80;0;81;0;82;0;83;0;84;0;85;0;86;0;87;0;88;0;89;0;90;0;91;0;92;0;93;0;94;0;95;0;96;0;97;0;98;0;99;0;100;0;101;0;102;0;103;0;104;0;105;0;106;0;107;0;108;0;109;0;110;0;111;0;112;0;113;0;114;0;115;0;116;0;117;0;118;0;119;0;120;0;121;0;122;0;123;0;124;0;125;0;126;0;127;0;128;0;129;0;130;0;131;0;132;0;133;0;134;0;135;0;136;0;137;0;138;0;139;0;140;0;141;0;142;0;143;0;144;0;145;0;146;0;147;1;
83_Capra_nubiana.sqlite;10;3997;11;1141;12;391;13;164;14;94;15;48;16;18;17;7;18;5;19;1;20;1;21;1;22;1;23;0;24;0;25;1;26;1;27;0;28;0;29;2;30;0;31;0;32;0;33;0;34;0;35;0;36;0;37;0;38;0;39;0;40;0;41;0;42;0;43;1;44;0;45;0;46;0;47;0;48;0;49;0;50;0;51;0;52;0;53;0;54;0;55;0;56;0;57;0;58;0;59;0;60;0;61;0;62;0;63;0;64;0;65;0;66;0;67;0;68;0;69;0;70;0;71;0;72;0;73;0;74;0;75;0;76;0;77;0;78;0;79;0;80;0;81;0;82;0;83;0;84;0;85;0;86;0;87;0;88;0;89;0;90;0;91;0;92;0;93;0;94;0;95;0;96;0;97;0;98;0;99;0;100;0;101;0;102;0;103;0;104;0;105;0;106;0;107;0;108;0;109;0;110;0;111;0;112;0;113;0;114;0;115;0;116;0;117;0;118;0;119;1;
84_Capra_pyrenaica.sqlite;10;3996;11;1168;12;392;13;194;14;89;15;54;16;23;17;8;18;3;19;1;20;0;21;1;22;0;23;0;24;0;25;0;26;0;27;0;28;0;29;0;30;0;31;0;32;0;33;0;34;0;35;0;36;0;37;0;38;0;39;0;40;0;41;0;42;0;43;0;44;0;45;0;46;0;47;0;48;0;49;0;50;0;51;0;52;0;53;0;54;0;55;0;56;0;57;0;58;0;59;0;60;0;61;0;62;0;63;0;64;0;65;0;66;0;67;0;68;0;69;0;70;0;71;0;72;0;73;0;74;0;75;0;76;0;77;0;78;0;79;0;80;0;81;0;82;0;83;0;84;0;85;0;86;1;
85_Capra_sibirica.sqlite;10;3914;11;1212;12;397;13;170;14;90;15;51;16;21;17;9;18;4;19;1;20;1;21;0;22;0;23;0;24;0;25;0;26;0;27;0;28;0;29;1;30;0;31;0;32;0;33;0;34;0;35;0;36;0;37;0;38;0;39;0;40;0;41;0;42;0;43;0;44;0;45;0;46;0;47;0;48;0;49;0;50;0;51;0;52;0;53;0;54;0;55;0;56;0;57;0;58;0;59;0;60;0;61;0;62;0;63;0;64;1;
86_Capreolus_capreolus.sqlite;10;4124;11;1370;12;385;13;195;14;101;15;46;16;24;17;13;18;4;19;2;20;0;21;0;22;1;23;0;24;1;25;1;26;1;27;1;
87_Capreolus_pygargus.sqlite;10;4211;11;1321;12;396;13;188;14;104;15;41;16;24;17;11;18;4;19;1;20;2;21;0;22;1;23;0;24;0;25;0;26;1;
88_Capricornis_crispus.sqlite;10;4023;11;1246;12;363;13;183;14;94;15;39;16;15;17;5;18;4;19;0;20;0;21;0;22;0;23;0;24;1;25;0;26;0;27;0;28;0;29;0;30;0;31;0;32;0;33;0;34;0;35;0;36;0;37;0;38;0;39;0;40;0;41;0;42;0;43;0;44;0;45;0;46;0;47;0;48;0;49;0;50;0;51;0;52;0;53;0;54;0;55;0;56;0;57;0;58;0;59;0;60;0;61;0;62;0;63;0;64;0;65;0;66;0;67;0;68;0;69;0;70;0;71;1;
89_Capricornis_milneedwardsii.sqlite;10;3940;11;1206;12;373;13;187;14;100;15;37;16;19;17;5;18;3;19;0;20;0;21;0;22;0;23;0;24;0;25;0;26;0;27;0;28;0;29;0;30;0;31;0;32;0;33;0;34;0;35;0;36;0;37;0;38;0;39;0;40;0;41;0;42;0;43;0;44;0;45;0;46;0;47;0;48;0;49;0;50;0;51;0;52;0;53;0;54;0;55;0;56;1;
8_Alcelaphus_buselaphus.sqlite;10;3586;11;1060;12;365;13;171;14;80;15;41;16;11;17;7;18;2;19;2;20;0;21;0;22;1;23;1;
90_Capricornis_sumatraensis.sqlite;10;3916;11;1203;12;361;13;178;14;119;15;42;16;17;17;3;18;1;19;0;20;0;21;0;22;0;23;0;24;0;25;1;26;0;27;0;28;0;29;0;30;0;31;0;32;0;33;0;34;0;35;0;36;0;37;0;38;0;39;0;40;0;41;0;42;0;43;0;44;0;45;0;46;0;47;0;48;0;49;0;50;0;51;0;52;0;53;0;54;0;55;0;56;1;
91_Capricornis_swinhoei.sqlite;10;3850;11;1163;12;380;13;168;14;101;15;48;16;16;17;8;18;1;19;1;20;0;21;0;22;0;23;0;24;1;25;0;26;0;27;0;28;0;29;0;30;0;31;0;32;1;33;0;34;0;35;0;36;0;37;0;38;0;39;0;40;0;41;0;42;0;43;0;44;0;45;0;46;0;47;0;48;0;49;0;50;0;51;0;52;0;53;0;54;0;55;0;56;0;57;0;58;0;59;0;60;0;61;0;62;0;63;0;64;0;65;0;66;0;67;0;68;0;69;0;70;0;71;0;72;0;73;0;74;0;75;0;76;0;77;0;78;0;79;0;80;0;81;0;82;0;83;1;84;0;85;0;86;0;87;0;88;0;89;0;90;0;91;0;92;0;93;0;94;0;95;0;96;0;97;0;98;1;
92_Caracal_caracal.sqlite;10;3868;11;1197;12;379;13;172;14;90;15;32;16;16;17;4;18;0;19;0;20;0;21;0;22;0;23;1;24;0;25;7;26;0;27;3;28;0;29;0;30;0;31;1;32;0;33;0;34;0;35;0;36;0;37;0;38;0;39;0;40;0;41;2;42;0;43;0;44;0;45;2;46;0;47;0;48;0;49;0;50;0;51;0;52;0;53;0;54;0;55;0;56;0;57;0;58;0;59;1;60;0;61;0;62;0;63;0;64;0;65;0;66;0;67;0;68;0;69;0;70;0;71;0;72;0;73;1;74;0;75;0;76;0;77;0;78;0;79;0;80;0;81;0;82;0;83;0;84;0;85;0;86;0;87;0;88;0;89;0;90;0;91;0;92;0;93;0;94;0;95;0;96;0;97;0;98;0;99;0;100;0;101;0;102;0;103;0;104;0;105;0;106;0;107;0;108;0;109;0;110;0;111;0;112;0;113;0;114;0;115;0;116;0;117;0;118;0;119;0;120;0;121;0;122;0;123;0;124;0;125;1;126;0;127;0;128;0;129;0;130;0;131;0;132;0;133;0;134;0;135;0;136;0;137;0;138;0;139;0;140;0;141;0;142;0;143;0;144;0;145;0;146;0;147;0;148;0;149;0;150;0;151;0;152;0;153;0;154;0;155;0;156;0;157;0;158;0;159;0;160;0;161;0;162;0;163;0;164;0;165;0;166;0;167;0;168;0;169;0;170;0;171;0;172;0;173;0;174;0;175;0;176;0;177;0;178;0;179;0;180;0;181;0;182;0;183;0;184;0;185;0;186;0;187;0;188;0;189;0;190;0;191;0;192;0;193;0;194;0;195;0;196;0;197;0;198;0;199;0;200;0;201;0;202;0;203;0;204;0;205;1;
93_Carollia_perspicillata.sqlite;10;3818;11;1058;12;325;13;169;14;85;15;32;16;14;17;6;18;3;19;1;20;2;21;3;22;0;23;1;24;1;25;1;26;0;27;3;28;0;29;3;30;0;31;0;32;0;33;0;34;0;35;0;36;0;37;0;38;0;39;2;40;0;41;0;42;0;43;2;44;0;45;1;46;0;47;0;48;0;49;0;50;1;51;0;52;0;53;0;54;0;55;2;56;0;57;0;58;0;59;0;60;0;61;0;62;0;63;0;64;0;65;0;66;1;67;0;68;0;69;0;70;0;71;1;72;0;73;1;74;0;75;0;76;0;77;0;78;0;79;0;80;0;81;0;82;1;83;0;84;0;85;0;86;0;87;1;88;0;89;1;90;0;91;0;92;0;93;0;94;0;95;0;96;0;97;0;98;0;99;0;100;0;101;0;102;0;103;1;104;0;105;0;106;0;107;1;108;0;109;0;110;0;111;0;112;0;113;0;114;0;115;0;116;0;117;0;118;0;119;1;120;0;121;0;122;0;123;1;124;0;125;0;126;0;127;0;128;0;129;0;130;0;131;0;132;0;133;0;134;0;135;1;136;0;137;0;138;0;139;0;140;0;141;0;142;0;143;0;144;0;145;0;146;0;147;0;148;0;149;0;150;0;151;0;152;0;153;1;154;0;155;0;156;0;157;0;158;0;159;0;160;0;161;0;162;0;163;0;164;0;165;0;166;0;167;0;168;0;169;1;
94_Cebus_albifrons.sqlite;10;4224;11;1299;12;419;13;191;14;106;15;51;16;21;17;9;18;5;19;2;
95_Cephalophus_adersi.sqlite;10;4090;11;1212;12;392;13;167;14;87;15;50;16;23;17;7;18;2;19;2;20;0;21;1;22;0;23;0;24;0;25;0;26;0;27;0;28;0;29;0;30;0;31;0;32;0;33;0;34;0;35;0;36;0;37;0;38;0;39;0;40;0;41;0;42;0;43;0;44;0;45;0;46;0;47;0;48;0;49;0;50;1;
96_Cephalophus_callipygus.sqlite;10;3860;11;1177;12;365;13;184;14;92;15;52;16;17;17;6;18;7;19;2;20;0;21;2;22;0;23;1;24;0;25;0;26;0;27;0;28;0;29;0;30;0;31;0;32;0;33;0;34;0;35;0;36;0;37;0;38;0;39;0;40;0;41;0;42;0;43;0;44;0;45;0;46;0;47;0;48;0;49;1;
97_Cephalophus_dorsalis.sqlite;10;3918;11;1194;12;394;13;171;14;118;15;53;16;19;17;4;18;4;19;3;20;1;21;2;22;1;23;0;24;0;25;0;26;0;27;0;28;0;29;0;30;0;31;0;32;0;33;0;34;0;35;0;36;0;37;0;38;0;39;0;40;0;41;0;42;1;43;0;44;0;45;0;46;0;47;0;48;0;49;0;50;0;51;0;52;0;53;0;54;0;55;0;56;0;57;0;58;1;
98_Cephalophus_jentinki.sqlite;10;3955;11;1193;12;367;13;165;14;110;15;41;16;22;17;9;18;6;19;0;20;0;21;2;22;0;23;0;24;0;25;0;26;0;27;0;28;0;29;0;30;0;31;0;32;0;33;0;34;0;35;0;36;0;37;0;38;0;39;0;40;0;41;0;42;0;43;0;44;0;45;0;46;0;47;0;48;0;49;0;50;0;51;0;52;0;53;0;54;0;55;0;56;0;57;0;58;0;59;0;60;0;61;0;62;1;
99_Cephalophus_leucogaster.sqlite;10;3876;11;1199;12;332;13;193;14;89;15;50;16;17;17;7;18;4;19;2;20;1;21;2;22;0;23;0;24;0;25;0;26;0;27;0;28;0;29;0;30;0;31;0;32;0;33;0;34;0;35;0;36;0;37;0;38;0;39;0;40;0;41;0;42;0;43;0;44;0;45;0;46;0;47;0;48;0;49;0;50;1;
9_Alces_alces.sqlite;10;4542;11;1406;12;449;13;219;14;110;15;47;16;19;17;8;18;5;19;0;20;0;21;1;22;1;23;2;24;2;25;0;26;0;27;0;28;0;29;0;30;0;31;0;32;0;33;0;34;0;35;0;36;0;37;0;38;0;39;0;40;0;41;0;42;0;43;0;44;0;45;0;46;0;47;0;48;0;49;0;50;0;51;0;52;0;53;0;54;0;55;0;56;0;57;0;58;0;59;0;60;0;61;0;62;0;63;0;64;0;65;0;66;0;67;0;68;0;69;0;70;0;71;0;72;0;73;0;74;0;75;0;76;0;77;0;78;0;79;0;80;0;81;0;82;0;83;0;84;1;
