
C:\DegRepsHunter\201903>python pseudogengen.py
1600 4800 4800 4800  0.1 0.3 0.3 0.3  16000
1600 4800 4800 4800  0.1 0.3 0.3 0.3  16000
1600 4800 4800 4800  0.1 0.3 0.3 0.3  16000
1600 4800 4800 4800  0.1 0.3 0.3 0.3  16000
1600 4800 4800 4800  0.1 0.3 0.3 0.3  16000
1600 4800 4800 4800  0.1 0.3 0.3 0.3  16000
1600 4800 4800 4800  0.1 0.3 0.3 0.3  16000
1600 4800 4800 4800  0.1 0.3 0.3 0.3  16000
1600 4800 4800 4800  0.1 0.3 0.3 0.3  16000
1600 4800 4800 4800  0.1 0.3 0.3 0.3  16000
2368 4544 4544 4544  0.148 0.284 0.284 0.284  16000
2368 4544 4544 4544  0.148 0.284 0.284 0.284  16000
2368 4544 4544 4544  0.148 0.284 0.284 0.284  16000
2368 4544 4544 4544  0.148 0.284 0.284 0.284  16000
2368 4544 4544 4544  0.148 0.284 0.284 0.284  16000
2368 4544 4544 4544  0.148 0.284 0.284 0.284  16000
2368 4544 4544 4544  0.148 0.284 0.284 0.284  16000
2368 4544 4544 4544  0.148 0.284 0.284 0.284  16000
2368 4544 4544 4544  0.148 0.284 0.284 0.284  16000
2368 4544 4544 4544  0.148 0.284 0.284 0.284  16000
3136 4288 4288 4288  0.196 0.268 0.268 0.268  16000
3136 4288 4288 4288  0.196 0.268 0.268 0.268  16000
3136 4288 4288 4288  0.196 0.268 0.268 0.268  16000
3136 4288 4288 4288  0.196 0.268 0.268 0.268  16000
3136 4288 4288 4288  0.196 0.268 0.268 0.268  16000
3136 4288 4288 4288  0.196 0.268 0.268 0.268  16000
3136 4288 4288 4288  0.196 0.268 0.268 0.268  16000
3136 4288 4288 4288  0.196 0.268 0.268 0.268  16000
3136 4288 4288 4288  0.196 0.268 0.268 0.268  16000
3136 4288 4288 4288  0.196 0.268 0.268 0.268  16000
3904 4032 4032 4032  0.244 0.252 0.252 0.252  16000
3904 4032 4032 4032  0.244 0.252 0.252 0.252  16000
3904 4032 4032 4032  0.244 0.252 0.252 0.252  16000
3904 4032 4032 4032  0.244 0.252 0.252 0.252  16000
3904 4032 4032 4032  0.244 0.252 0.252 0.252  16000
3904 4032 4032 4032  0.244 0.252 0.252 0.252  16000
3904 4032 4032 4032  0.244 0.252 0.252 0.252  16000
3904 4032 4032 4032  0.244 0.252 0.252 0.252  16000
3904 4032 4032 4032  0.244 0.252 0.252 0.252  16000
3904 4032 4032 4032  0.244 0.252 0.252 0.252  16000
4672 3776 3776 3776  0.292 0.236 0.236 0.236  16000
4672 3776 3776 3776  0.292 0.236 0.236 0.236  16000
4672 3776 3776 3776  0.292 0.236 0.236 0.236  16000
4672 3776 3776 3776  0.292 0.236 0.236 0.236  16000
4672 3776 3776 3776  0.292 0.236 0.236 0.236  16000
4672 3776 3776 3776  0.292 0.236 0.236 0.236  16000
4672 3776 3776 3776  0.292 0.236 0.236 0.236  16000
4672 3776 3776 3776  0.292 0.236 0.236 0.236  16000
4672 3776 3776 3776  0.292 0.236 0.236 0.236  16000
4672 3776 3776 3776  0.292 0.236 0.236 0.236  16000
5440 3520 3520 3520  0.34 0.22 0.22 0.22  16000
5440 3520 3520 3520  0.34 0.22 0.22 0.22  16000
5440 3520 3520 3520  0.34 0.22 0.22 0.22  16000
5440 3520 3520 3520  0.34 0.22 0.22 0.22  16000
5440 3520 3520 3520  0.34 0.22 0.22 0.22  16000
5440 3520 3520 3520  0.34 0.22 0.22 0.22  16000
5440 3520 3520 3520  0.34 0.22 0.22 0.22  16000
5440 3520 3520 3520  0.34 0.22 0.22 0.22  16000
5440 3520 3520 3520  0.34 0.22 0.22 0.22  16000
5440 3520 3520 3520  0.34 0.22 0.22 0.22  16000
6208 3264 3264 3264  0.388 0.204 0.204 0.204  16000
6208 3264 3264 3264  0.388 0.204 0.204 0.204  16000
6208 3264 3264 3264  0.388 0.204 0.204 0.204  16000
6208 3264 3264 3264  0.388 0.204 0.204 0.204  16000
6208 3264 3264 3264  0.388 0.204 0.204 0.204  16000
6208 3264 3264 3264  0.388 0.204 0.204 0.204  16000
6208 3264 3264 3264  0.388 0.204 0.204 0.204  16000
6208 3264 3264 3264  0.388 0.204 0.204 0.204  16000
6208 3264 3264 3264  0.388 0.204 0.204 0.204  16000
6208 3264 3264 3264  0.388 0.204 0.204 0.204  16000
6976 3008 3008 3008  0.436 0.188 0.188 0.188  16000
6976 3008 3008 3008  0.436 0.188 0.188 0.188  16000
6976 3008 3008 3008  0.436 0.188 0.188 0.188  16000
6976 3008 3008 3008  0.436 0.188 0.188 0.188  16000
6976 3008 3008 3008  0.436 0.188 0.188 0.188  16000
6976 3008 3008 3008  0.436 0.188 0.188 0.188  16000
6976 3008 3008 3008  0.436 0.188 0.188 0.188  16000
6976 3008 3008 3008  0.436 0.188 0.188 0.188  16000
6976 3008 3008 3008  0.436 0.188 0.188 0.188  16000
6976 3008 3008 3008  0.436 0.188 0.188 0.188  16000
7744 2752 2752 2752  0.484 0.172 0.172 0.172  16000
7744 2752 2752 2752  0.484 0.172 0.172 0.172  16000
7744 2752 2752 2752  0.484 0.172 0.172 0.172  16000
7744 2752 2752 2752  0.484 0.172 0.172 0.172  16000
7744 2752 2752 2752  0.484 0.172 0.172 0.172  16000
7744 2752 2752 2752  0.484 0.172 0.172 0.172  16000
7744 2752 2752 2752  0.484 0.172 0.172 0.172  16000
7744 2752 2752 2752  0.484 0.172 0.172 0.172  16000
7744 2752 2752 2752  0.484 0.172 0.172 0.172  16000
7744 2752 2752 2752  0.484 0.172 0.172 0.172  16000

C:\DegRepsHunter\201903>pause
Для продолжения нажмите любую клавишу . . .